Freq.	V(vout)
2.00000000000000e+001	2.86275950845803e+001
2.04658598456151e+001	2.87911304697437e+001
2.09425709610180e+001	2.89509432287248e+001
2.14303861047521e+001	2.91070020137917e+001
2.19295639228637e+001	2.92592814576807e+001
2.24403690860393e+001	2.94077621846255e+001
2.29630724299377e+001	2.95524307959911e+001
2.34979510987906e+001	2.96932798310120e+001
2.40452886923483e+001	2.98303077033027e+001
2.46053754162476e+001	2.99635186139692e+001
2.51785082358833e+001	3.00929224422963e+001
2.57649910338627e+001	3.02185346151218e+001
2.63651347711281e+001	3.03403759561249e+001
2.69792576518331e+001	3.04584725163619e+001
2.76076852920577e+001	3.05728553874708e+001
2.82507508924551e+001	3.06835604990359e+001
2.89087954149185e+001	3.07906284016630e+001
2.95821677633641e+001	3.08941040373537e+001
3.02712249687242e+001	3.09940364987951e+001
3.09763323782496e+001	3.10904787791918e+001
3.16978638492223e+001	3.11834875142643e+001
3.24362019471786e+001	3.12731227180282e+001
3.31917381487512e+001	3.13594475139376e+001
3.39648730492349e+001	3.14425278629467e+001
3.47560165749875e+001	3.15224322899947e+001
3.55655882007784e+001	3.15992316103705e+001
3.63940171721997e+001	3.16729986573521e+001
3.72417427332573e+001	3.17438080124507e+001
3.81092143592649e+001	3.18117357395194e+001
3.89968919951609e+001	3.18768591239105e+001
3.99052462993776e+001	3.19392564177850e+001
4.08347588933906e+001	3.19990065925987e+001
4.17859226170808e+001	3.20561890996978e+001
4.27592417900446e+001	3.21108836398762e+001
4.37552324789910e+001	3.21631699426514e+001
4.47744227713668e+001	3.22131275559274e+001
4.58173530553554e+001	3.22608356466218e+001
4.68845763063984e+001	3.23063728127418e+001
4.79766583803898e+001	3.23498169072983e+001
4.90941783137006e+001	3.23912448743645e+001
5.02377286301916e+001	3.24307325974857e+001
5.14079156553772e+001	3.24683547605669e+001
5.26053598379076e+001	3.25041847212745e+001
5.38306960785383e+001	3.25382943969096e+001
5.50845740667633e+001	3.25707541626294e+001
5.63676586252890e+001	3.26016327618214e+001
5.76806300625321e+001	3.26309972283637e+001
5.90241845333277e+001	3.26589128204439e+001
6.03990344080403e+001	3.26854429655486e+001
6.18059086502718e+001	3.27106492161859e+001
6.32455532033675e+001	3.27345912158575e+001
6.47187313859256e+001	3.27573266747590e+001
6.62262242965182e+001	3.27789113546546e+001
6.77688312278404e+001	3.27993990623494e+001
6.93473700905062e+001	3.28188416511632e+001
7.09626778467150e+001	3.28372890297968e+001
7.26156109540202e+001	3.28547891779805e+001
7.43070458194344e+001	3.28713881682898e+001
7.60378792641121e+001	3.28871301935227e+001
7.78090289988560e+001	3.29020575990418e+001
7.96214341106993e+001	3.29162109195024e+001
8.14760555608224e+001	3.29296289194013e+001
8.33738766940670e+001	3.29423486369107e+001
8.53159037603184e+001	3.29544054304803e+001
8.73031664480331e+001	3.29658330277233e+001
8.93367184301925e+001	3.29766635761268e+001
9.14176379229749e+001	3.29869276951616e+001
9.35470282574395e+001	3.29966545293947e+001
9.57260184645275e+001	3.30058718022405e+001
9.79557638736891e+001	3.30146058700182e+001
1.00237446725454e+002	3.30228817760149e+001
1.02572276798273e+002	3.30307233042804e+001
1.04961492049954e+002	3.30381530329150e+001
1.07406359274050e+002	3.30451923866354e+001
1.09908174771525e+002	3.30518616884306e+001
1.12468265038070e+002	3.30581802101496e+001
1.15087987467431e+002	3.30641662218795e+001
1.17768731071118e+002	3.30698370400018e+001
1.20511917214871e+002	3.30752090738301e+001
1.23319000372296e+002	3.30802978707539e+001
1.26191468896038e+002	3.30851181598289e+001
1.29130845806931e+002	3.30896838937720e+001
1.32138689601519e+002	3.30940082893303e+001
1.35216595078396e+002	3.30981038660081e+001
1.38366194183787e+002	3.31019824831479e+001
1.41589156876827e+002	3.31056553753678e+001
1.44887192014998e+002	3.31091331863706e+001
1.48262048260183e+002	3.31124260011455e+001
1.51715515005836e+002	3.31155433765891e+001
1.55249423325738e+002	3.31184943705797e+001
1.58865646944856e+002	3.31212875695444e+001
1.62566103232819e+002	3.31239311145589e+001
1.66352754220534e+002	3.31264327260275e+001
1.70227607640475e+002	3.31287997269917e+001
1.74192717991216e+002	3.31310390651173e+001
1.78250187626749e+002	3.31331573334130e+001
1.82402167871181e+002	3.31351607897345e+001
1.86650860159398e+002	3.31370553751272e+001
1.90998517204287e+002	3.31388467310647e+001
1.95447444191162e+002	3.31405402156362e+001
1.99999999999999e+002	3.31421409187387e+001
2.04658598456150e+002	3.31436536763293e+001
2.09425709610179e+002	3.31450830837884e+001
2.14303861047521e+002	3.31464335084516e+001
2.19295639228636e+002	3.31477091013566e+001
2.24403690860392e+002	3.31489138082593e+001
2.29630724299376e+002	3.31500513799659e+001
2.34979510987905e+002	3.31511253820286e+001
2.40452886923482e+002	3.31521392038496e+001
2.46053754162476e+002	3.31530960672371e+001
2.51785082358833e+002	3.31539990344536e+001
2.57649910338626e+002	3.31548510157957e+001
2.63651347711281e+002	3.31556547767417e+001
2.69792576518330e+002	3.31564129447009e+001
2.76076852920576e+002	3.31571280153973e+001
2.82507508924550e+002	3.31578023589160e+001
2.89087954149185e+002	3.31584382254397e+001
2.95821677633641e+002	3.31590377507022e+001
3.02712249687241e+002	3.31596029611773e+001
3.09763323782495e+002	3.31601357790286e+001
3.16978638492222e+002	3.31606380268344e+001
3.24362019471785e+002	3.31611114321077e+001
3.31917381487511e+002	3.31615576316231e+001
3.39648730492348e+002	3.31619781755657e+001
3.47560165749874e+002	3.31623745315126e+001
3.55655882007783e+002	3.31627480882576e+001
3.63940171721995e+002	3.31631001594861e+001
3.72417427332572e+002	3.31634319873116e+001
3.81092143592648e+002	3.31637447456752e+001
3.89968919951608e+002	3.31640395436193e+001
3.99052462993775e+002	3.31643174284356e+001
4.08347588933904e+002	3.31645793886956e+001
4.17859226170806e+002	3.31648263571646e+001
4.27592417900445e+002	3.31650592136043e+001
4.37552324789909e+002	3.31652787874660e+001
4.47744227713666e+002	3.31654858604778e+001
4.58173530553553e+002	3.31656811691274e+001
4.68845763063983e+002	3.31658654070441e+001
4.79766583803896e+002	3.31660392272813e+001
4.90941783137004e+002	3.31662032445019e+001
5.02377286301914e+002	3.31663580370694e+001
5.14079156553771e+002	3.31665041490461e+001
5.26053598379074e+002	3.31666420921008e+001
5.38306960785381e+002	3.31667723473295e+001
5.50845740667631e+002	3.31668953669888e+001
5.63676586252888e+002	3.31670115761478e+001
5.76806300625319e+002	3.31671213742576e+001
5.90241845333275e+002	3.31672251366436e+001
6.03990344080401e+002	3.31673232159211e+001
6.18059086502716e+002	3.31674159433381e+001
6.32455532033673e+002	3.31675036300474e+001
6.47187313859254e+002	3.31675865683108e+001
6.62262242965179e+002	3.31676650326372e+001
6.77688312278402e+002	3.31677392808591e+001
6.93473700905060e+002	3.31678095551479e+001
7.09626778467148e+002	3.31678760829721e+001
7.26156109540200e+002	3.31679390780007e+001
7.43070458194342e+002	3.31679987409540e+001
7.60378792641119e+002	3.31680552604043e+001
7.78090289988558e+002	3.31681088135295e+001
7.96214341106991e+002	3.31681595668212e+001
8.14760555608222e+002	3.31682076767503e+001
8.33738766940667e+002	3.31682532903921e+001
8.53159037603181e+002	3.31682965460123e+001
8.73031664480328e+002	3.31683375736182e+001
8.93367184301922e+002	3.31683764954738e+001
9.14176379229746e+002	3.31684134265843e+001
9.35470282574392e+002	3.31684484751487e+001
9.57260184645272e+002	3.31684817429849e+001
9.79557638736888e+002	3.31685133259271e+001
1.00237446725454e+003	3.31685433141978e+001
1.02572276798272e+003	3.31685717927567e+001
1.04961492049954e+003	3.31685988416262e+001
1.07406359274050e+003	3.31686245361965e+001
1.09908174771524e+003	3.31686489475115e+001
1.12468265038069e+003	3.31686721425348e+001
1.15087987467431e+003	3.31686941844001e+001
1.17768731071117e+003	3.31687151326441e+001
1.20511917214871e+003	3.31687350434252e+001
1.23319000372296e+003	3.31687539697276e+001
1.26191468896038e+003	3.31687719615520e+001
1.29130845806930e+003	3.31687890660943e+001
1.32138689601518e+003	3.31688053279126e+001
1.35216595078396e+003	3.31688207890833e+001
1.38366194183787e+003	3.31688354893471e+001
1.41589156876827e+003	3.31688494662461e+001
1.44887192014997e+003	3.31688627552509e+001
1.48262048260183e+003	3.31688753898805e+001
1.51715515005836e+003	3.31688874018146e+001
1.55249423325738e+003	3.31688988209976e+001
1.58865646944855e+003	3.31689096757370e+001
1.62566103232819e+003	3.31689199927954e+001
1.66352754220533e+003	3.31689297974756e+001
1.70227607640474e+003	3.31689391137019e+001
1.74192717991215e+003	3.31689479640945e+001
1.78250187626748e+003	3.31689563700409e+001
1.82402167871181e+003	3.31689643517612e+001
1.86650860159397e+003	3.31689719283701e+001
1.90998517204286e+003	3.31689791179353e+001
1.95447444191161e+003	3.31689859375310e+001
1.99999999999999e+003	3.31689924032892e+001
2.04658598456150e+003	3.31689985304473e+001
2.09425709610179e+003	3.31690043333924e+001
2.14303861047520e+003	3.31690098257028e+001
2.19295639228636e+003	3.31690150201881e+001
2.24403690860391e+003	3.31690199289243e+001
2.29630724299375e+003	3.31690245632894e+001
2.34979510987905e+003	3.31690289339943e+001
2.40452886923481e+003	3.31690330511132e+001
2.46053754162475e+003	3.31690369241116e+001
2.51785082358832e+003	3.31690405618720e+001
2.57649910338625e+003	3.31690439727187e+001
2.63651347711280e+003	3.31690471644398e+001
2.69792576518329e+003	3.31690501443089e+001
2.76076852920575e+003	3.31690529191043e+001
2.82507508924549e+003	3.31690554951272e+001
2.89087954149184e+003	3.31690578782185e+001
2.95821677633640e+003	3.31690600737745e+001
3.02712249687240e+003	3.31690620867607e+001
3.09763323782494e+003	3.31690639217254e+001
3.16978638492221e+003	3.31690655828114e+001
3.24362019471784e+003	3.31690670737669e+001
3.31917381487510e+003	3.31690683979550e+001
3.39648730492347e+003	3.31690695583634e+001
3.47560165749873e+003	3.31690705576110e+001
3.55655882007782e+003	3.31690713979557e+001
3.63940171721994e+003	3.31690720813000e+001
3.72417427332571e+003	3.31690726091960e+001
3.81092143592647e+003	3.31690729828498e+001
3.89968919951606e+003	3.31690732031242e+001
3.99052462993773e+003	3.31690732705418e+001
4.08347588933903e+003	3.31690731852860e+001
4.17859226170805e+003	3.31690729472023e+001
4.27592417900444e+003	3.31690725557975e+001
4.37552324789908e+003	3.31690720102394e+001
4.47744227713665e+003	3.31690713093545e+001
4.58173530553552e+003	3.31690704516257e+001
4.68845763063981e+003	3.31690694351886e+001
4.79766583803895e+003	3.31690682578275e+001
4.90941783137003e+003	3.31690669169696e+001
5.02377286301913e+003	3.31690654096796e+001
5.14079156553769e+003	3.31690637326521e+001
5.26053598379073e+003	3.31690618822039e+001
5.38306960785379e+003	3.31690598542656e+001
5.50845740667629e+003	3.31690576443706e+001
5.63676586252887e+003	3.31690552476453e+001
5.76806300625317e+003	3.31690526587968e+001
5.90241845333273e+003	3.31690498720999e+001
6.03990344080399e+003	3.31690468813827e+001
6.18059086502713e+003	3.31690436800121e+001
6.32455532033671e+003	3.31690402608761e+001
6.47187313859252e+003	3.31690366163671e+001
6.62262242965177e+003	3.31690327383621e+001
6.77688312278400e+003	3.31690286182026e+001
6.93473700905058e+003	3.31690242466720e+001
7.09626778467146e+003	3.31690196139725e+001
7.26156109540197e+003	3.31690147096997e+001
7.43070458194339e+003	3.31690095228158e+001
7.60378792641117e+003	3.31690040416202e+001
7.78090289988555e+003	3.31689982537198e+001
7.96214341106988e+003	3.31689921459955e+001
8.14760555608219e+003	3.31689857045674e+001
8.33738766940664e+003	3.31689789147576e+001
8.53159037603179e+003	3.31689717610504e+001
8.73031664480325e+003	3.31689642270503e+001
8.93367184301919e+003	3.31689562954366e+001
9.14176379229743e+003	3.31689479479153e+001
9.35470282574389e+003	3.31689391651684e+001
9.57260184645269e+003	3.31689299267984e+001
9.79557638736884e+003	3.31689202112714e+001
1.00237446725454e+004	3.31689099958539e+001
1.02572276798272e+004	3.31688992565472e+001
1.04961492049954e+004	3.31688879680171e+001
1.07406359274050e+004	3.31688761035182e+001
1.09908174771524e+004	3.31688636348138e+001
1.12468265038069e+004	3.31688505320903e+001
1.15087987467430e+004	3.31688367638654e+001
1.17768731071117e+004	3.31688222968905e+001
1.20511917214871e+004	3.31688070960461e+001
1.23319000372295e+004	3.31687911242302e+001
1.26191468896038e+004	3.31687743422389e+001
1.29130845806930e+004	3.31687567086381e+001
1.32138689601518e+004	3.31687381796274e+001
1.35216595078395e+004	3.31687187088930e+001
1.38366194183786e+004	3.31686982474510e+001
1.41589156876826e+004	3.31686767434794e+001
1.44887192014997e+004	3.31686541421375e+001
1.48262048260182e+004	3.31686303853725e+001
1.51715515005835e+004	3.31686054117120e+001
1.55249423325737e+004	3.31685791560415e+001
1.58865646944855e+004	3.31685515493644e+001
1.62566103232818e+004	3.31685225185453e+001
1.66352754220533e+004	3.31684919860338e+001
1.70227607640474e+004	3.31684598695668e+001
1.74192717991215e+004	3.31684260818487e+001
1.78250187626748e+004	3.31683905302076e+001
1.82402167871180e+004	3.31683531162244e+001
1.86650860159397e+004	3.31683137353338e+001
1.90998517204286e+004	3.31682722763937e+001
1.95447444191160e+004	3.31682286212224e+001
2.00000000000000e+004	3.31681826440975e+001
2.00000000000000e+001	2.83629711725086e+001
2.04658598456151e+001	2.85117854476181e+001
2.09425709610180e+001	2.86568258894452e+001
2.14303861047521e+001	2.87980823854018e+001
2.19295639228637e+001	2.89355505189948e+001
2.24403690860393e+001	2.90692314950384e+001
2.29630724299377e+001	2.91991320439376e+001
2.34979510987906e+001	2.93252643060968e+001
2.40452886923483e+001	2.94476456976081e+001
2.46053754162476e+001	2.95662987584595e+001
2.51785082358833e+001	2.96812509845719e+001
2.57649910338627e+001	2.97925346450297e+001
2.63651347711281e+001	2.99001865859090e+001
2.69792576518331e+001	3.00042480221308e+001
2.76076852920577e+001	3.01047643187799e+001
2.82507508924551e+001	3.02017847633283e+001
2.89087954149185e+001	3.02953623301877e+001
2.95821677633641e+001	3.03855534389960e+001
3.02712249687242e+001	3.04724177080093e+001
3.09763323782496e+001	3.05560177039321e+001
3.16978638492223e+001	3.06364186894736e+001
3.24362019471786e+001	3.07136883698694e+001
3.31917381487512e+001	3.07878966395528e+001
3.39648730492349e+001	3.08591153301034e+001
3.47560165749875e+001	3.09274179605436e+001
3.55655882007784e+001	3.09928794909921e+001
3.63940171721997e+001	3.10555760806250e+001
3.72417427332573e+001	3.11155848508315e+001
3.81092143592649e+001	3.11729836543927e+001
3.89968919951609e+001	3.12278508514488e+001
3.99052462993776e+001	3.12802650929586e+001
4.08347588933906e+001	3.13303051122953e+001
4.17859226170808e+001	3.13780495255585e+001
4.27592417900446e+001	3.14235766411221e+001
4.37552324789910e+001	3.14669642788737e+001
4.47744227713668e+001	3.15082895995390e+001
4.58173530553554e+001	3.15476289444206e+001
4.68845763063984e+001	3.15850576858173e+001
4.79766583803898e+001	3.16206500883231e+001
4.90941783137006e+001	3.16544791811458e+001
5.02377286301916e+001	3.16866166415150e+001
5.14079156553772e+001	3.17171326891905e+001
5.26053598379076e+001	3.17460959920172e+001
5.38306960785383e+001	3.17735735824128e+001
5.50845740667633e+001	3.17996307846152e+001
5.63676586252890e+001	3.18243311524619e+001
5.76806300625321e+001	3.18477364174193e+001
5.90241845333277e+001	3.18699064465314e+001
6.03990344080403e+001	3.18908992099127e+001
6.18059086502718e+001	3.19107707573704e+001
6.32455532033675e+001	3.19295752037037e+001
6.47187313859256e+001	3.19473647222009e+001
6.62262242965182e+001	3.19641895458275e+001
6.77688312278404e+001	3.19800979755816e+001
6.93473700905062e+001	3.19951363954784e+001
7.09626778467150e+001	3.20093492936167e+001
7.26156109540202e+001	3.20227792887790e+001
7.43070458194344e+001	3.20354671620175e+001
7.60378792641121e+001	3.20474518926845e+001
7.78090289988560e+001	3.20587706983794e+001
7.96214341106993e+001	3.20694590782953e+001
8.14760555608224e+001	3.20795508594692e+001
8.33738766940670e+001	3.20890782454611e+001
8.53159037603184e+001	3.20980718670081e+001
8.73031664480331e+001	3.21065608342286e+001
8.93367184301925e+001	3.21145727899763e+001
9.14176379229749e+001	3.21221339639726e+001
9.35470282574395e+001	3.21292692273757e+001
9.57260184645275e+001	3.21360021474707e+001
9.79557638736891e+001	3.21423550421983e+001
1.00237446725454e+002	3.21483490342636e+001
1.02572276798273e+002	3.21540041045977e+001
1.04961492049954e+002	3.21593391449690e+001
1.07406359274050e+002	3.21643720095684e+001
1.09908174771525e+002	3.21691195654161e+001
1.12468265038070e+002	3.21735977414615e+001
1.15087987467431e+002	3.21778215762671e+001
1.17768731071118e+002	3.21818052641900e+001
1.20511917214871e+002	3.21855621999910e+001
1.23319000372296e+002	3.21891050218182e+001
1.26191468896038e+002	3.21924456525286e+001
1.29130845806931e+002	3.21955953393228e+001
1.32138689601519e+002	3.21985646916832e+001
1.35216595078396e+002	3.22013637176135e+001
1.38366194183787e+002	3.22040018581903e+001
1.41589156876827e+002	3.22064880204446e+001
1.44887192014998e+002	3.22088306085973e+001
1.48262048260183e+002	3.22110375536823e+001
1.51715515005836e+002	3.22131163415932e+001
1.55249423325738e+002	3.22150740395958e+001
1.58865646944856e+002	3.22169173213521e+001
1.62566103232819e+002	3.22186524905044e+001
1.66352754220534e+002	3.22202855028721e+001
1.70227607640475e+002	3.22218219873130e+001
1.74192717991216e+002	3.22232672653052e+001
1.78250187626749e+002	3.22246263693052e+001
1.82402167871181e+002	3.22259040599397e+001
1.86650860159398e+002	3.22271048420868e+001
1.90998517204287e+002	3.22282329799047e+001
1.95447444191162e+002	3.22292925108647e+001
1.99999999999999e+002	3.22302872588437e+001
2.04658598456150e+002	3.22312208463332e+001
2.09425709610179e+002	3.22320967058176e+001
2.14303861047521e+002	3.22329180903759e+001
2.19295639228636e+002	3.22336880835584e+001
2.24403690860392e+002	3.22344096085884e+001
2.29630724299376e+002	3.22350854369372e+001
2.34979510987905e+002	3.22357181963190e+001
2.40452886923482e+002	3.22363103781503e+001
2.46053754162476e+002	3.22368643445159e+001
2.51785082358833e+002	3.22373823346813e+001
2.57649910338626e+002	3.22378664711903e+001
2.63651347711281e+002	3.22383187655818e+001
2.69792576518330e+002	3.22387411237601e+001
2.76076852920576e+002	3.22391353510486e+001
2.82507508924550e+002	3.22395031569553e+001
2.89087954149185e+002	3.22398461596766e+001
2.95821677633641e+002	3.22401658903621e+001
3.02712249687241e+002	3.22404637971621e+001
3.09763323782495e+002	3.22407412490779e+001
3.16978638492222e+002	3.22409995396305e+001
3.24362019471785e+002	3.22412398903642e+001
3.31917381487511e+002	3.22414634541984e+001
3.39648730492348e+002	3.22416713186386e+001
3.47560165749874e+002	3.22418645088579e+001
3.55655882007783e+002	3.22420439906564e+001
3.63940171721995e+002	3.22422106733081e+001
3.72417427332572e+002	3.22423654122995e+001
3.81092143592648e+002	3.22425090119668e+001
3.89968919951608e+002	3.22426422280355e+001
3.99052462993775e+002	3.22427657700675e+001
4.08347588933904e+002	3.22428803038163e+001
4.17859226170806e+002	3.22429864534968e+001
4.27592417900445e+002	3.22430848039678e+001
4.37552324789909e+002	3.22431759028328e+001
4.47744227713666e+002	3.22432602624588e+001
4.58173530553553e+002	3.22433383619148e+001
4.68845763063983e+002	3.22434106488323e+001
4.79766583803896e+002	3.22434775411886e+001
4.90941783137004e+002	3.22435394290139e+001
5.02377286301914e+002	3.22435966760248e+001
5.14079156553771e+002	3.22436496211841e+001
5.26053598379074e+002	3.22436985801890e+001
5.38306960785381e+002	3.22437438468902e+001
5.50845740667631e+002	3.22437856946412e+001
5.63676586252888e+002	3.22438243775825e+001
5.76806300625319e+002	3.22438601318591e+001
5.90241845333275e+002	3.22438931767760e+001
6.03990344080401e+002	3.22439237158923e+001
6.18059086502716e+002	3.22439519380557e+001
6.32455532033673e+002	3.22439780183799e+001
6.47187313859254e+002	3.22440021191667e+001
6.62262242965179e+002	3.22440243907756e+001
6.77688312278402e+002	3.22440449724411e+001
6.93473700905060e+002	3.22440639930427e+001
7.09626778467148e+002	3.22440815718272e+001
7.26156109540200e+002	3.22440978190865e+001
7.43070458194342e+002	3.22441128367931e+001
7.60378792641119e+002	3.22441267191952e+001
7.78090289988558e+002	3.22441395533728e+001
7.96214341106991e+002	3.22441514197582e+001
8.14760555608222e+002	3.22441623926217e+001
8.33738766940667e+002	3.22441725405240e+001
8.53159037603181e+002	3.22441819267394e+001
8.73031664480328e+002	3.22441906096479e+001
8.93367184301922e+002	3.22441986431023e+001
9.14176379229746e+002	3.22442060767676e+001
9.35470282574392e+002	3.22442129564378e+001
9.57260184645272e+002	3.22442193243291e+001
9.79557638736888e+002	3.22442252193526e+001
1.00237446725454e+003	3.22442306773666e+001
1.02572276798272e+003	3.22442357314113e+001
1.04961492049954e+003	3.22442404119251e+001
1.07406359274050e+003	3.22442447469455e+001
1.09908174771524e+003	3.22442487622950e+001
1.12468265038069e+003	3.22442524817525e+001
1.15087987467431e+003	3.22442559272121e+001
1.17768731071117e+003	3.22442591188299e+001
1.20511917214871e+003	3.22442620751589e+001
1.23319000372296e+003	3.22442648132743e+001
1.26191468896038e+003	3.22442673488886e+001
1.29130845806930e+003	3.22442696964575e+001
1.32138689601518e+003	3.22442718692785e+001
1.35216595078396e+003	3.22442738795804e+001
1.38366194183787e+003	3.22442757386069e+001
1.41589156876827e+003	3.22442774566926e+001
1.44887192014997e+003	3.22442790433339e+001
1.48262048260183e+003	3.22442805072535e+001
1.51715515005836e+003	3.22442818564595e+001
1.55249423325738e+003	3.22442830983009e+001
1.58865646944855e+003	3.22442842395173e+001
1.62566103232819e+003	3.22442852862852e+001
1.66352754220533e+003	3.22442862442602e+001
1.70227607640474e+003	3.22442871186163e+001
1.74192717991215e+003	3.22442879140811e+001
1.78250187626748e+003	3.22442886349688e+001
1.82402167871181e+003	3.22442892852096e+001
1.86650860159397e+003	3.22442898683778e+001
1.90998517204286e+003	3.22442903877162e+001
1.95447444191161e+003	3.22442908461593e+001
1.99999999999999e+003	3.22442912463542e+001
2.04658598456150e+003	3.22442915906795e+001
2.09425709610179e+003	3.22442918812627e+001
2.14303861047520e+003	3.22442921199960e+001
2.19295639228636e+003	3.22442923085508e+001
2.24403690860391e+003	3.22442924483901e+001
2.29630724299375e+003	3.22442925407811e+001
2.34979510987905e+003	3.22442925868049e+001
2.40452886923481e+003	3.22442925873665e+001
2.46053754162475e+003	3.22442925432033e+001
2.51785082358832e+003	3.22442924548927e+001
2.57649910338625e+003	3.22442923228583e+001
2.63651347711280e+003	3.22442921473767e+001
2.69792576518329e+003	3.22442919285820e+001
2.76076852920575e+003	3.22442916664701e+001
2.82507508924549e+003	3.22442913609034e+001
2.89087954149184e+003	3.22442910116129e+001
2.95821677633640e+003	3.22442906182014e+001
3.02712249687240e+003	3.22442901801453e+001
3.09763323782494e+003	3.22442896967962e+001
3.16978638492221e+003	3.22442891673814e+001
3.24362019471784e+003	3.22442885910050e+001
3.31917381487510e+003	3.22442879666475e+001
3.39648730492347e+003	3.22442872931652e+001
3.47560165749873e+003	3.22442865692898e+001
3.55655882007782e+003	3.22442857936264e+001
3.63940171721994e+003	3.22442849646520e+001
3.72417427332571e+003	3.22442840807136e+001
3.81092143592647e+003	3.22442831400250e+001
3.89968919951606e+003	3.22442821406640e+001
3.99052462993773e+003	3.22442810805692e+001
4.08347588933903e+003	3.22442799575354e+001
4.17859226170805e+003	3.22442787692103e+001
4.27592417900444e+003	3.22442775130887e+001
4.37552324789908e+003	3.22442761865081e+001
4.47744227713665e+003	3.22442747866425e+001
4.58173530553552e+003	3.22442733104968e+001
4.68845763063981e+003	3.22442717548998e+001
4.79766583803895e+003	3.22442701164974e+001
4.90941783137003e+003	3.22442683917449e+001
5.02377286301913e+003	3.22442665768990e+001
5.14079156553769e+003	3.22442646680087e+001
5.26053598379073e+003	3.22442626609070e+001
5.38306960785379e+003	3.22442605512000e+001
5.50845740667629e+003	3.22442583342571e+001
5.63676586252887e+003	3.22442560051995e+001
5.76806300625317e+003	3.22442535588887e+001
5.90241845333273e+003	3.22442509899135e+001
6.03990344080399e+003	3.22442482925772e+001
6.18059086502713e+003	3.22442454608827e+001
6.32455532033671e+003	3.22442424885182e+001
6.47187313859252e+003	3.22442393688406e+001
6.62262242965177e+003	3.22442360948588e+001
6.77688312278400e+003	3.22442326592159e+001
6.93473700905058e+003	3.22442290541699e+001
7.09626778467146e+003	3.22442252715733e+001
7.26156109540197e+003	3.22442213028518e+001
7.43070458194339e+003	3.22442171389815e+001
7.60378792641117e+003	3.22442127704644e+001
7.78090289988555e+003	3.22442081873028e+001
7.96214341106988e+003	3.22442033789718e+001
8.14760555608219e+003	3.22441983343905e+001
8.33738766940664e+003	3.22441930418904e+001
8.53159037603179e+003	3.22441874891833e+001
8.73031664480325e+003	3.22441816633256e+001
8.93367184301919e+003	3.22441755506814e+001
9.14176379229743e+003	3.22441691368824e+001
9.35470282574389e+003	3.22441624067861e+001
9.57260184645269e+003	3.22441553444302e+001
9.79557638736884e+003	3.22441479329851e+001
1.00237446725454e+004	3.22441401547019e+001
1.02572276798272e+004	3.22441319908584e+001
1.04961492049954e+004	3.22441234217000e+001
1.07406359274050e+004	3.22441144263778e+001
1.09908174771524e+004	3.22441049828816e+001
1.12468265038069e+004	3.22440950679686e+001
1.15087987467430e+004	3.22440846570872e+001
1.17768731071117e+004	3.22440737242953e+001
1.20511917214871e+004	3.22440622421726e+001
1.23319000372295e+004	3.22440501817273e+001
1.26191468896038e+004	3.22440375122957e+001
1.29130845806930e+004	3.22440242014340e+001
1.32138689601518e+004	3.22440102148035e+001
1.35216595078395e+004	3.22439955160460e+001
1.38366194183786e+004	3.22439800666512e+001
1.41589156876826e+004	3.22439638258132e+001
1.44887192014997e+004	3.22439467502770e+001
1.48262048260182e+004	3.22439287941734e+001
1.51715515005835e+004	3.22439099088404e+001
1.55249423325737e+004	3.22438900426328e+001
1.58865646944855e+004	3.22438691407152e+001
1.62566103232818e+004	3.22438471448403e+001
1.66352754220533e+004	3.22438239931097e+001
1.70227607640474e+004	3.22437996197157e+001
1.74192717991215e+004	3.22437739546631e+001
1.78250187626748e+004	3.22437469234691e+001
1.82402167871180e+004	3.22437184468388e+001
1.86650860159397e+004	3.22436884403160e+001
1.90998517204286e+004	3.22436568139044e+001
1.95447444191160e+004	3.22436234716595e+001
2.00000000000000e+004	3.22435883112474e+001
2.00000000000000e+001	2.78157579982612e+001
2.04658598456151e+001	2.79437475007343e+001
2.09425709610180e+001	2.80681366813935e+001
2.14303861047521e+001	2.81889392732413e+001
2.19295639228637e+001	2.83061734066774e+001
2.24403690860393e+001	2.84198614892834e+001
2.29630724299377e+001	2.85300300749749e+001
2.34979510987906e+001	2.86367097233200e+001
2.40452886923483e+001	2.87399348498321e+001
2.46053754162476e+001	2.88397435680515e+001
2.51785082358833e+001	2.89361775242317e+001
2.57649910338627e+001	2.90292817254415e+001
2.63651347711281e+001	2.91191043618891e+001
2.69792576518331e+001	2.92056966242601e+001
2.76076852920577e+001	2.92891125168512e+001
2.82507508924551e+001	2.93694086672635e+001
2.89087954149185e+001	2.94466441334014e+001
2.95821677633641e+001	2.95208802085058e+001
3.02712249687242e+001	2.95921802249287e+001
3.09763323782496e+001	2.96606093573387e+001
3.16978638492223e+001	2.97262344260239e+001
3.24362019471786e+001	2.97891237009431e+001
3.31917381487512e+001	2.98493467071512e+001
3.39648730492349e+001	2.99069740322133e+001
3.47560165749875e+001	2.99620771361959e+001
3.55655882007784e+001	3.00147281648108e+001
3.63940171721997e+001	3.00649997662681e+001
3.72417427332573e+001	3.01129649123721e+001
3.81092143592649e+001	3.01586967243825e+001
3.89968919951609e+001	3.02022683041333e+001
3.99052462993776e+001	3.02437525708899e+001
4.08347588933906e+001	3.02832221043907e+001
4.17859226170808e+001	3.03207489945034e+001
4.27592417900446e+001	3.03564046978888e+001
4.37552324789910e+001	3.03902599020381e+001
4.47744227713668e+001	3.04223843970137e+001
4.58173530553554e+001	3.04528469551839e+001
4.68845763063984e+001	3.04817152192035e+001
4.79766583803898e+001	3.05090555984466e+001
4.90941783137006e+001	3.05349331740520e+001
5.02377286301916e+001	3.05594116126940e+001
5.14079156553772e+001	3.05825530891400e+001
5.26053598379076e+001	3.06044182176068e+001
5.38306960785383e+001	3.06250659918745e+001
5.50845740667633e+001	3.06445537340672e+001
5.63676586252890e+001	3.06629370519598e+001
5.76806300625321e+001	3.06802698046187e+001
5.90241845333277e+001	3.06966040761446e+001
6.03990344080403e+001	3.07119901572348e+001
6.18059086502718e+001	3.07264765342502e+001
6.32455532033675e+001	3.07401098854326e+001
6.47187313859256e+001	3.07529350838875e+001
6.62262242965182e+001	3.07649952069233e+001
6.77688312278404e+001	3.07763315513158e+001
6.93473700905062e+001	3.07869836540486e+001
7.09626778467150e+001	3.07969893180726e+001
7.26156109540202e+001	3.08063846426190e+001
7.43070458194344e+001	3.08152040575990e+001
7.60378792641121e+001	3.08234803616268e+001
7.78090289988560e+001	3.08312447632102e+001
7.96214341106993e+001	3.08385269246631e+001
8.14760555608224e+001	3.08453550083080e+001
8.33738766940670e+001	3.08517557245564e+001
8.53159037603184e+001	3.08577543814709e+001
8.73031664480331e+001	3.08633749354392e+001
8.93367184301925e+001	3.08686400426083e+001
9.14176379229749e+001	3.08735711107572e+001
9.35470282574395e+001	3.08781883513070e+001
9.57260184645275e+001	3.08825108311962e+001
9.79557638736891e+001	3.08865565243722e+001
1.00237446725454e+002	3.08903423626787e+001
1.02572276798273e+002	3.08938842859388e+001
1.04961492049954e+002	3.08971972910628e+001
1.07406359274050e+002	3.09002954800284e+001
1.09908174771525e+002	3.09031921066057e+001
1.12468265038070e+002	3.09058996217197e+001
1.15087987467431e+002	3.09084297173602e+001
1.17768731071118e+002	3.09107933689702e+001
1.20511917214871e+002	3.09130008762576e+001
1.23319000372296e+002	3.09150619023921e+001
1.26191468896038e+002	3.09169855115617e+001
1.29130845806931e+002	3.09187802048752e+001
1.32138689601519e+002	3.09204539546104e+001
1.35216595078396e+002	3.09220142368145e+001
1.38366194183787e+002	3.09234680622737e+001
1.41589156876827e+002	3.09248220058761e+001
1.44887192014998e+002	3.09260822343978e+001
1.48262048260183e+002	3.09272545327498e+001
1.51715515005836e+002	3.09283443287242e+001
1.55249423325738e+002	3.09293567162858e+001
1.58865646944856e+002	3.09302964774573e+001
1.62566103232819e+002	3.09311681028480e+001
1.66352754220534e+002	3.09319758108779e+001
1.70227607640475e+002	3.09327235657532e+001
1.74192717991216e+002	3.09334150942472e+001
1.78250187626749e+002	3.09340539013423e+001
1.82402167871181e+002	3.09346432847911e+001
1.86650860159398e+002	3.09351863486509e+001
1.90998517204287e+002	3.09356860158496e+001
1.95447444191162e+002	3.09361450398377e+001
1.99999999999999e+002	3.09365660153819e+001
2.04658598456150e+002	3.09369513885533e+001
2.09425709610179e+002	3.09373034659648e+001
2.14303861047521e+002	3.09376244233073e+001
2.19295639228636e+002	3.09379163132361e+001
2.24403690860392e+002	3.09381810726555e+001
2.29630724299376e+002	3.09384205294474e+001
2.34979510987905e+002	3.09386364086893e+001
2.40452886923482e+002	3.09388303384044e+001
2.46053754162476e+002	3.09390038548832e+001
2.51785082358833e+002	3.09391584076152e+001
2.57649910338626e+002	3.09392953638674e+001
2.63651347711281e+002	3.09394160129412e+001
2.69792576518330e+002	3.09395215701410e+001
2.76076852920576e+002	3.09396131804814e+001
2.82507508924550e+002	3.09396919221604e+001
2.89087954149185e+002	3.09397588098225e+001
2.95821677633641e+002	3.09398147976337e+001
3.02712249687241e+002	3.09398607821868e+001
3.09763323782495e+002	3.09398976052568e+001
3.16978638492222e+002	3.09399260564194e+001
3.24362019471785e+002	3.09399468755478e+001
3.31917381487511e+002	3.09399607551991e+001
3.39648730492348e+002	3.09399683429007e+001
3.47560165749874e+002	3.09399702433451e+001
3.55655882007783e+002	3.09399670205004e+001
3.63940171721995e+002	3.09399591996433e+001
3.72417427332572e+002	3.09399472693185e+001
3.81092143592648e+002	3.09399316832300e+001
3.89968919951608e+002	3.09399128620657e+001
3.99052462993775e+002	3.09398911952603e+001
4.08347588933904e+002	3.09398670426958e+001
4.17859226170806e+002	3.09398407363438e+001
4.27592417900445e+002	3.09398125818485e+001
4.37552324789909e+002	3.09397828600526e+001
4.47744227713666e+002	3.09397518284667e+001
4.58173530553553e+002	3.09397197226823e+001
4.68845763063983e+002	3.09396867577284e+001
4.79766583803896e+002	3.09396531293741e+001
4.90941783137004e+002	3.09396190153754e+001
5.02377286301914e+002	3.09395845766675e+001
5.14079156553771e+002	3.09395499585041e+001
5.26053598379074e+002	3.09395152915430e+001
5.38306960785381e+002	3.09394806928790e+001
5.50845740667631e+002	3.09394462670260e+001
5.63676586252888e+002	3.09394121068482e+001
5.76806300625319e+002	3.09393782944411e+001
5.90241845333275e+002	3.09393449019657e+001
6.03990344080401e+002	3.09393119924338e+001
6.18059086502716e+002	3.09392796204492e+001
6.32455532033673e+002	3.09392478329035e+001
6.47187313859254e+002	3.09392166696296e+001
6.62262242965179e+002	3.09391861640142e+001
6.77688312278402e+002	3.09391563435701e+001
6.93473700905060e+002	3.09391272304710e+001
7.09626778467148e+002	3.09390988420500e+001
7.26156109540200e+002	3.09390711912628e+001
7.43070458194342e+002	3.09390442871189e+001
7.60378792641119e+002	3.09390181350806e+001
7.78090289988558e+002	3.09389927374328e+001
7.96214341106991e+002	3.09389680936241e+001
8.14760555608222e+002	3.09389442005824e+001
8.33738766940667e+002	3.09389210530045e+001
8.53159037603181e+002	3.09388986436225e+001
8.73031664480328e+002	3.09388769634487e+001
8.93367184301922e+002	3.09388560019990e+001
9.14176379229746e+002	3.09388357474976e+001
9.35470282574392e+002	3.09388161870635e+001
9.57260184645272e+002	3.09387973068800e+001
9.79557638736888e+002	3.09387790923490e+001
1.00237446725454e+003	3.09387615282306e+001
1.02572276798272e+003	3.09387445987691e+001
1.04961492049954e+003	3.09387282878068e+001
1.07406359274050e+003	3.09387125788862e+001
1.09908174771524e+003	3.09386974553417e+001
1.12468265038069e+003	3.09386829003811e+001
1.15087987467431e+003	3.09386688971590e+001
1.17768731071117e+003	3.09386554288413e+001
1.20511917214871e+003	3.09386424786619e+001
1.23319000372296e+003	3.09386300299732e+001
1.26191468896038e+003	3.09386180662899e+001
1.29130845806930e+003	3.09386065713270e+001
1.32138689601518e+003	3.09385955290329e+001
1.35216595078396e+003	3.09385849236170e+001
1.38366194183787e+003	3.09385747395739e+001
1.41589156876827e+003	3.09385649617030e+001
1.44887192014997e+003	3.09385555751249e+001
1.48262048260183e+003	3.09385465652945e+001
1.51715515005836e+003	3.09385379180111e+001
1.55249423325738e+003	3.09385296194263e+001
1.58865646944855e+003	3.09385216560490e+001
1.62566103232819e+003	3.09385140147494e+001
1.66352754220533e+003	3.09385066827595e+001
1.70227607640474e+003	3.09384996476736e+001
1.74192717991215e+003	3.09384928974466e+001
1.78250187626748e+003	3.09384864203909e+001
1.82402167871181e+003	3.09384802051726e+001
1.86650860159397e+003	3.09384742408065e+001
1.90998517204286e+003	3.09384685166501e+001
1.95447444191161e+003	3.09384630223975e+001
1.99999999999999e+003	3.09384577480717e+001
2.04658598456150e+003	3.09384526840171e+001
2.09425709610179e+003	3.09384478208916e+001
2.14303861047520e+003	3.09384431496576e+001
2.19295639228636e+003	3.09384386615736e+001
2.24403690860391e+003	3.09384343481847e+001
2.29630724299375e+003	3.09384302013136e+001
2.34979510987905e+003	3.09384262130511e+001
2.40452886923481e+003	3.09384223757464e+001
2.46053754162475e+003	3.09384186819976e+001
2.51785082358832e+003	3.09384151246423e+001
2.57649910338625e+003	3.09384116967471e+001
2.63651347711280e+003	3.09384083915990e+001
2.69792576518329e+003	3.09384052026947e+001
2.76076852920575e+003	3.09384021237319e+001
2.82507508924549e+003	3.09383991485989e+001
2.89087954149184e+003	3.09383962713658e+001
2.95821677633640e+003	3.09383934862746e+001
3.02712249687240e+003	3.09383907877301e+001
3.09763323782494e+003	3.09383881702904e+001
3.16978638492221e+003	3.09383856286578e+001
3.24362019471784e+003	3.09383831576699e+001
3.31917381487510e+003	3.09383807522900e+001
3.39648730492347e+003	3.09383784075986e+001
3.47560165749873e+003	3.09383761187845e+001
3.55655882007782e+003	3.09383738811353e+001
3.63940171721994e+003	3.09383716900294e+001
3.72417427332571e+003	3.09383695409269e+001
3.81092143592647e+003	3.09383674293606e+001
3.89968919951606e+003	3.09383653509278e+001
3.99052462993773e+003	3.09383633012811e+001
4.08347588933903e+003	3.09383612761200e+001
4.17859226170805e+003	3.09383592711820e+001
4.27592417900444e+003	3.09383572822342e+001
4.37552324789908e+003	3.09383553050638e+001
4.47744227713665e+003	3.09383533354698e+001
4.58173530553552e+003	3.09383513692538e+001
4.68845763063981e+003	3.09383494022110e+001
4.79766583803895e+003	3.09383474301206e+001
4.90941783137003e+003	3.09383454487373e+001
5.02377286301913e+003	3.09383434537807e+001
5.14079156553769e+003	3.09383414409263e+001
5.26053598379073e+003	3.09383394057955e+001
5.38306960785379e+003	3.09383373439448e+001
5.50845740667629e+003	3.09383352508561e+001
5.63676586252887e+003	3.09383331219251e+001
5.76806300625317e+003	3.09383309524510e+001
5.90241845333273e+003	3.09383287376241e+001
6.03990344080399e+003	3.09383264725143e+001
6.18059086502713e+003	3.09383241520588e+001
6.32455532033671e+003	3.09383217710488e+001
6.47187313859252e+003	3.09383193241163e+001
6.62262242965177e+003	3.09383168057198e+001
6.77688312278400e+003	3.09383142101300e+001
6.93473700905058e+003	3.09383115314137e+001
7.09626778467146e+003	3.09383087634182e+001
7.26156109540197e+003	3.09383058997540e+001
7.43070458194339e+003	3.09383029337769e+001
7.60378792641117e+003	3.09382998585691e+001
7.78090289988555e+003	3.09382966669192e+001
7.96214341106988e+003	3.09382933513011e+001
8.14760555608219e+003	3.09382899038517e+001
8.33738766940664e+003	3.09382863163472e+001
8.53159037603179e+003	3.09382825801778e+001
8.73031664480325e+003	3.09382786863213e+001
8.93367184301919e+003	3.09382746253144e+001
9.14176379229743e+003	3.09382703872225e+001
9.35470282574389e+003	3.09382659616079e+001
9.57260184645269e+003	3.09382613374947e+001
9.79557638736884e+003	3.09382565033329e+001
1.00237446725454e+004	3.09382514469587e+001
1.02572276798272e+004	3.09382461555529e+001
1.04961492049954e+004	3.09382406155958e+001
1.07406359274050e+004	3.09382348128194e+001
1.09908174771524e+004	3.09382287321560e+001
1.12468265038069e+004	3.09382223576829e+001
1.15087987467430e+004	3.09382156725631e+001
1.17768731071117e+004	3.09382086589821e+001
1.20511917214871e+004	3.09382012980790e+001
1.23319000372295e+004	3.09381935698735e+001
1.26191468896038e+004	3.09381854531870e+001
1.29130845806930e+004	3.09381769255567e+001
1.32138689601518e+004	3.09381679631452e+001
1.35216595078395e+004	3.09381585406406e+001
1.38366194183786e+004	3.09381486311508e+001
1.41589156876826e+004	3.09381382060885e+001
1.44887192014997e+004	3.09381272350470e+001
1.48262048260182e+004	3.09381156856670e+001
1.51715515005835e+004	3.09381035234912e+001
1.55249423325737e+004	3.09380907118092e+001
1.58865646944855e+004	3.09380772114876e+001
1.62566103232818e+004	3.09380629807883e+001
1.66352754220533e+004	3.09380479751703e+001
1.70227607640474e+004	3.09380321470763e+001
1.74192717991215e+004	3.09380154457009e+001
1.78250187626748e+004	3.09379978167402e+001
1.82402167871180e+004	3.09379792021195e+001
1.86650860159397e+004	3.09379595397001e+001
1.90998517204286e+004	3.09379387629588e+001
1.95447444191160e+004	3.09379168006430e+001
2.00000000000000e+004	3.09378935763948e+001
2.00000000000000e+001	2.68921836800547e+001
2.04658598456151e+001	2.69997515553334e+001
2.09425709610180e+001	2.71041691618038e+001
2.14303861047521e+001	2.72054577293760e+001
2.19295639228637e+001	2.73036414025879e+001
2.24403690860393e+001	2.73987471838345e+001
2.29630724299377e+001	2.74908048694311e+001
2.34979510987906e+001	2.75798469785469e+001
2.40452886923483e+001	2.76659086750928e+001
2.46053754162476e+001	2.77490276827041e+001
2.51785082358833e+001	2.78292441930032e+001
2.57649910338627e+001	2.79066007673812e+001
2.63651347711281e+001	2.79811422325763e+001
2.69792576518331e+001	2.80529155703754e+001
2.76076852920577e+001	2.81219698018000e+001
2.82507508924551e+001	2.81883558661769e+001
2.89087954149185e+001	2.82521264955244e+001
2.95821677633641e+001	2.83133360847168e+001
3.02712249687242e+001	2.83720405579147e+001
3.09763323782496e+001	2.84282972317721e+001
3.16978638492223e+001	2.84821646759530e+001
3.24362019471786e+001	2.85337025715049e+001
3.31917381487512e+001	2.85829715676557e+001
3.39648730492349e+001	2.86300331376071e+001
3.47560165749875e+001	2.86749494339106e+001
3.55655882007784e+001	2.87177831440166e+001
3.63940171721997e+001	2.87585973465908e+001
3.72417427332573e+001	2.87974553691901e+001
3.81092143592649e+001	2.88344206478896e+001
3.89968919951609e+001	2.88695565894414e+001
3.99052462993776e+001	2.89029264365377e+001
4.08347588933906e+001	2.89345931367317e+001
4.17859226170808e+001	2.89646192155542e+001
4.27592417900446e+001	2.89930666543346e+001
4.37552324789910e+001	2.90199967732106e+001
4.47744227713668e+001	2.90454701197739e+001
4.58173530553554e+001	2.90695463637650e+001
4.68845763063984e+001	2.90922841981853e+001
4.79766583803898e+001	2.91137412471504e+001
4.90941783137006e+001	2.91339739807619e+001
5.02377286301916e+001	2.91530376372203e+001
5.14079156553772e+001	2.91709861523484e+001
5.26053598379076e+001	2.91878720966442e+001
5.38306960785383e+001	2.92037466199188e+001
5.50845740667633e+001	2.92186594035273e+001
5.63676586252890e+001	2.92326586201408e+001
5.76806300625321e+001	2.92457909009564e+001
5.90241845333277e+001	2.92581013101918e+001
6.03990344080403e+001	2.92696333266639e+001
6.18059086502718e+001	2.92804288322038e+001
6.32455532033675e+001	2.92905281066268e+001
6.47187313859256e+001	2.92999698289337e+001
6.62262242965182e+001	2.93087910843948e+001
6.77688312278404e+001	2.93170273771406e+001
6.93473700905062e+001	2.93247126478622e+001
7.09626778467150e+001	2.93318792962113e+001
7.26156109540202e+001	2.93385582074795e+001
7.43070458194344e+001	2.93447787831300e+001
7.60378792641121e+001	2.93505689747566e+001
7.78090289988560e+001	2.93559553210485e+001
7.96214341106993e+001	2.93609629873458e+001
8.14760555608224e+001	2.93656158073850e+001
8.33738766940670e+001	2.93699363268452e+001
8.53159037603184e+001	2.93739458483264e+001
8.73031664480331e+001	2.93776644774077e+001
8.93367184301925e+001	2.93811111694566e+001
9.14176379229749e+001	2.93843037768823e+001
9.35470282574395e+001	2.93872590965486e+001
9.57260184645275e+001	2.93899929170883e+001
9.79557638736891e+001	2.93925200658813e+001
1.00237446725454e+002	2.93948544554877e+001
1.02572276798273e+002	2.93970091293433e+001
1.04961492049954e+002	2.93989963065574e+001
1.07406359274050e+002	2.94008274256638e+001
1.09908174771525e+002	2.94025131872071e+001
1.12468265038070e+002	2.94040635950578e+001
1.15087987467431e+002	2.94054879963735e+001
1.17768731071118e+002	2.94067951201377e+001
1.20511917214871e+002	2.94079931142257e+001
1.23319000372296e+002	2.94090895809592e+001
1.26191468896038e+002	2.94100916111261e+001
1.29130845806931e+002	2.94110058164528e+001
1.32138689601519e+002	2.94118383605278e+001
1.35216595078396e+002	2.94125949881840e+001
1.38366194183787e+002	2.94132810533542e+001
1.41589156876827e+002	2.94139015454259e+001
1.44887192014998e+002	2.94144611141207e+001
1.48262048260183e+002	2.94149640929363e+001
1.51715515005836e+002	2.94154145211875e+001
1.55249423325738e+002	2.94158161646911e+001
1.58865646944856e+002	2.94161725351381e+001
1.62566103232819e+002	2.94164869082050e+001
1.66352754220534e+002	2.94167623404505e+001
1.70227607640475e+002	2.94170016850528e+001
1.74192717991216e+002	2.94172076064383e+001
1.78250187626749e+002	2.94173825938562e+001
1.82402167871181e+002	2.94175289739525e+001
1.86650860159398e+002	2.94176489223977e+001
1.90998517204287e+002	2.94177444746210e+001
1.95447444191162e+002	2.94178175357052e+001
1.99999999999999e+002	2.94178698894946e+001
2.04658598456150e+002	2.94179032069670e+001
2.09425709610179e+002	2.94179190539200e+001
2.14303861047521e+002	2.94179188980217e+001
2.19295639228636e+002	2.94179041152732e+001
2.24403690860392e+002	2.94178759959278e+001
2.29630724299376e+002	2.94178357499132e+001
2.34979510987905e+002	2.94177845117966e+001
2.40452886923482e+002	2.94177233453356e+001
2.46053754162476e+002	2.94176532476516e+001
2.51785082358833e+002	2.94175751530621e+001
2.57649910338626e+002	2.94174899366062e+001
2.63651347711281e+002	2.94173984172945e+001
2.69792576518330e+002	2.94173013611129e+001
2.76076852920576e+002	2.94171994838071e+001
2.82507508924550e+002	2.94170934534728e+001
2.89087954149185e+002	2.94169838929732e+001
2.95821677633641e+002	2.94168713822059e+001
3.02712249687241e+002	2.94167564602345e+001
3.09763323782495e+002	2.94166396273035e+001
3.16978638492222e+002	2.94165213467492e+001
3.24362019471785e+002	2.94164020468194e+001
3.31917381487511e+002	2.94162821224114e+001
3.39648730492348e+002	2.94161619367392e+001
3.47560165749874e+002	2.94160418229355e+001
3.55655882007783e+002	2.94159220855957e+001
3.63940171721995e+002	2.94158030022684e+001
3.72417427332572e+002	2.94156848248970e+001
3.81092143592648e+002	2.94155677812150e+001
3.89968919951608e+002	2.94154520760969e+001
3.99052462993775e+002	2.94153378928680e+001
4.08347588933904e+002	2.94152253945713e+001
4.17859226170806e+002	2.94151147251963e+001
4.27592417900445e+002	2.94150060108651e+001
4.37552324789909e+002	2.94148993609808e+001
4.47744227713666e+002	2.94147948693347e+001
4.58173530553553e+002	2.94146926151728e+001
4.68845763063983e+002	2.94145926642232e+001
4.79766583803896e+002	2.94144950696820e+001
4.90941783137004e+002	2.94143998731577e+001
5.02377286301914e+002	2.94143071055765e+001
5.14079156553771e+002	2.94142167880445e+001
5.26053598379074e+002	2.94141289326704e+001
5.38306960785381e+002	2.94140435433472e+001
5.50845740667631e+002	2.94139606164929e+001
5.63676586252888e+002	2.94138801417526e+001
5.76806300625319e+002	2.94138021026599e+001
5.90241845333275e+002	2.94137264772614e+001
6.03990344080401e+002	2.94136532387017e+001
6.18059086502716e+002	2.94135823557731e+001
6.32455532033673e+002	2.94135137934291e+001
6.47187313859254e+002	2.94134475132629e+001
6.62262242965179e+002	2.94133834739537e+001
6.77688312278402e+002	2.94133216316790e+001
6.93473700905060e+002	2.94132619404984e+001
7.09626778467148e+002	2.94132043527058e+001
7.26156109540200e+002	2.94131488191549e+001
7.43070458194342e+002	2.94130952895572e+001
7.60378792641119e+002	2.94130437127551e+001
7.78090289988558e+002	2.94129940369703e+001
7.96214341106991e+002	2.94129462100306e+001
8.14760555608222e+002	2.94129001795742e+001
8.33738766940667e+002	2.94128558932350e+001
8.53159037603181e+002	2.94128132988087e+001
8.73031664480328e+002	2.94127723444010e+001
8.93367184301922e+002	2.94127329785604e+001
9.14176379229746e+002	2.94126951503950e+001
9.35470282574392e+002	2.94126588096758e+001
9.57260184645272e+002	2.94126239069266e+001
9.79557638736888e+002	2.94125903935021e+001
1.00237446725454e+003	2.94125582216549e+001
1.02572276798272e+003	2.94125273445923e+001
1.04961492049954e+003	2.94124977165241e+001
1.07406359274050e+003	2.94124692927014e+001
1.09908174771524e+003	2.94124420294478e+001
1.12468265038069e+003	2.94124158841841e+001
1.15087987467431e+003	2.94123908154460e+001
1.17768731071117e+003	2.94123667828963e+001
1.20511917214871e+003	2.94123437473318e+001
1.23319000372296e+003	2.94123216706860e+001
1.26191468896038e+003	2.94123005160268e+001
1.29130845806930e+003	2.94122802475517e+001
1.32138689601518e+003	2.94122608305786e+001
1.35216595078396e+003	2.94122422315342e+001
1.38366194183787e+003	2.94122244179404e+001
1.41589156876827e+003	2.94122073583973e+001
1.44887192014997e+003	2.94121910225657e+001
1.48262048260183e+003	2.94121753811468e+001
1.51715515005836e+003	2.94121604058614e+001
1.55249423325738e+003	2.94121460694273e+001
1.58865646944855e+003	2.94121323455362e+001
1.62566103232819e+003	2.94121192088299e+001
1.66352754220533e+003	2.94121066348757e+001
1.70227607640474e+003	2.94120946001411e+001
1.74192717991215e+003	2.94120830819690e+001
1.78250187626748e+003	2.94120720585517e+001
1.82402167871181e+003	2.94120615089062e+001
1.86650860159397e+003	2.94120514128477e+001
1.90998517204286e+003	2.94120417509653e+001
1.95447444191161e+003	2.94120325045959e+001
1.99999999999999e+003	2.94120236557998e+001
2.04658598456150e+003	2.94120151873358e+001
2.09425709610179e+003	2.94120070826373e+001
2.14303861047520e+003	2.94119993257880e+001
2.19295639228636e+003	2.94119919014985e+001
2.24403690860391e+003	2.94119847950835e+001
2.29630724299375e+003	2.94119779924392e+001
2.34979510987905e+003	2.94119714800212e+001
2.40452886923481e+003	2.94119652448229e+001
2.46053754162475e+003	2.94119592743549e+001
2.51785082358832e+003	2.94119535566240e+001
2.57649910338625e+003	2.94119480801135e+001
2.63651347711280e+003	2.94119428337641e+001
2.69792576518329e+003	2.94119378069542e+001
2.76076852920575e+003	2.94119329894824e+001
2.82507508924549e+003	2.94119283715493e+001
2.89087954149184e+003	2.94119239437400e+001
2.95821677633640e+003	2.94119196970076e+001
3.02712249687240e+003	2.94119156226565e+001
3.09763323782494e+003	2.94119117123270e+001
3.16978638492221e+003	2.94119079579794e+001
3.24362019471784e+003	2.94119043518795e+001
3.31917381487510e+003	2.94119008865838e+001
3.39648730492347e+003	2.94118975549256e+001
3.47560165749873e+003	2.94118943500012e+001
3.55655882007782e+003	2.94118912651566e+001
3.63940171721994e+003	2.94118882939747e+001
3.72417427332571e+003	2.94118854302626e+001
3.81092143592647e+003	2.94118826680397e+001
3.89968919951606e+003	2.94118800015252e+001
3.99052462993773e+003	2.94118774251271e+001
4.08347588933903e+003	2.94118749334304e+001
4.17859226170805e+003	2.94118725211864e+001
4.27592417900444e+003	2.94118701833015e+001
4.37552324789908e+003	2.94118679148271e+001
4.47744227713665e+003	2.94118657109485e+001
4.58173530553552e+003	2.94118635669753e+001
4.68845763063981e+003	2.94118614783308e+001
4.79766583803895e+003	2.94118594405424e+001
4.90941783137003e+003	2.94118574492318e+001
5.02377286301913e+003	2.94118555001046e+001
5.14079156553769e+003	2.94118535889415e+001
5.26053598379073e+003	2.94118517115881e+001
5.38306960785379e+003	2.94118498639451e+001
5.50845740667629e+003	2.94118480419590e+001
5.63676586252887e+003	2.94118462416121e+001
5.76806300625317e+003	2.94118444589129e+001
5.90241845333273e+003	2.94118426898860e+001
6.03990344080399e+003	2.94118409305619e+001
6.18059086502713e+003	2.94118391769672e+001
6.32455532033671e+003	2.94118374251134e+001
6.47187313859252e+003	2.94118356709871e+001
6.62262242965177e+003	2.94118339105381e+001
6.77688312278400e+003	2.94118321396686e+001
6.93473700905058e+003	2.94118303542210e+001
7.09626778467146e+003	2.94118285499662e+001
7.26156109540197e+003	2.94118267225902e+001
7.43070458194339e+003	2.94118248676817e+001
7.60378792641117e+003	2.94118229807173e+001
7.78090289988555e+003	2.94118210570476e+001
7.96214341106988e+003	2.94118190918817e+001
8.14760555608219e+003	2.94118170802708e+001
8.33738766940664e+003	2.94118150170915e+001
8.53159037603179e+003	2.94118128970273e+001
8.73031664480325e+003	2.94118107145496e+001
8.93367184301919e+003	2.94118084638975e+001
9.14176379229743e+003	2.94118061390554e+001
9.35470282574389e+003	2.94118037337303e+001
9.57260184645269e+003	2.94118012413268e+001
9.79557638736884e+003	2.94117986549207e+001
1.00237446725454e+004	2.94117959672301e+001
1.02572276798272e+004	2.94117931705851e+001
1.04961492049954e+004	2.94117902568951e+001
1.07406359274050e+004	2.94117872176129e+001
1.09908174771524e+004	2.94117840436975e+001
1.12468265038069e+004	2.94117807255723e+001
1.15087987467430e+004	2.94117772530813e+001
1.17768731071117e+004	2.94117736154414e+001
1.20511917214871e+004	2.94117698011903e+001
1.23319000372295e+004	2.94117657981316e+001
1.26191468896038e+004	2.94117615932734e+001
1.29130845806930e+004	2.94117571727641e+001
1.32138689601518e+004	2.94117525218209e+001
1.35216595078395e+004	2.94117476246534e+001
1.38366194183786e+004	2.94117424643803e+001
1.41589156876826e+004	2.94117370229398e+001
1.44887192014997e+004	2.94117312809911e+001
1.48262048260182e+004	2.94117252178087e+001
1.51715515005835e+004	2.94117188111670e+001
1.55249423325737e+004	2.94117120372147e+001
1.58865646944855e+004	2.94117048703390e+001
1.62566103232818e+004	2.94116972830177e+001
1.66352754220533e+004	2.94116892456579e+001
1.70227607640474e+004	2.94116807264213e+001
1.74192717991215e+004	2.94116716910340e+001
1.78250187626748e+004	2.94116621025787e+001
1.82402167871180e+004	2.94116519212699e+001
1.86650860159397e+004	2.94116411042085e+001
1.90998517204286e+004	2.94116296051142e+001
1.95447444191160e+004	2.94116173740351e+001
2.00000000000000e+004	2.94116043570307e+001
2.00000000000000e+001	2.57535551724614e+001
2.04658598456151e+001	2.58490974085669e+001
2.09425709610180e+001	2.59418949868346e+001
2.14303861047521e+001	2.60319612343869e+001
2.19295639228637e+001	2.61193120690041e+001
2.24403690860393e+001	2.62039659917784e+001
2.29630724299377e+001	2.62859440696732e+001
2.34979510987906e+001	2.63652699080220e+001
2.40452886923483e+001	2.64419696130731e+001
2.46053754162476e+001	2.65160717447620e+001
2.51785082358833e+001	2.65876072599581e+001
2.57649910338627e+001	2.66566094464943e+001
2.63651347711281e+001	2.67231138483484e+001
2.69792576518331e+001	2.67871581823958e+001
2.76076852920577e+001	2.68487822472000e+001
2.82507508924551e+001	2.69080278243521e+001
2.89087954149185e+001	2.69649385729043e+001
2.95821677633641e+001	2.70195599174780e+001
3.02712249687242e+001	2.70719389306525e+001
3.09763323782496e+001	2.71221242102663e+001
3.16978638492223e+001	2.71701657522797e+001
3.24362019471786e+001	2.72161148198660e+001
3.31917381487512e+001	2.72600238094085e+001
3.39648730492349e+001	2.73019461140912e+001
3.47560165749875e+001	2.73419359857740e+001
3.55655882007784e+001	2.73800483958483e+001
3.63940171721997e+001	2.74163388957637e+001
3.72417427332573e+001	2.74508634779150e+001
3.81092143592649e+001	2.74836784375683e+001
3.89968919951609e+001	2.75148402364918e+001
3.99052462993776e+001	2.75444053689427e+001
4.08347588933906e+001	2.75724302306389e+001
4.17859226170808e+001	2.75989709913215e+001
4.27592417900446e+001	2.76240834714814e+001
4.37552324789910e+001	2.76478230237949e+001
4.47744227713668e+001	2.76702444197695e+001
4.58173530553554e+001	2.76914017420639e+001
4.68845763063984e+001	2.77113482828979e+001
4.79766583803898e+001	2.77301364489186e+001
4.90941783137006e+001	2.77478176728378e+001
5.02377286301916e+001	2.77644423321003e+001
5.14079156553772e+001	2.77800596747846e+001
5.26053598379076e+001	2.77947177528832e+001
5.38306960785383e+001	2.78084633630464e+001
5.50845740667633e+001	2.78213419948195e+001
5.63676586252890e+001	2.78333977863452e+001
5.76806300625321e+001	2.78446734874469e+001
5.90241845333277e+001	2.78552104299563e+001
6.03990344080403e+001	2.78650485051026e+001
6.18059086502718e+001	2.78742261477283e+001
6.32455532033675e+001	2.78827803270639e+001
6.47187313859256e+001	2.78907465437494e+001
6.62262242965182e+001	2.78981588327645e+001
6.77688312278404e+001	2.79050497718999e+001
6.93473700905062e+001	2.79114504953829e+001
7.09626778467150e+001	2.79173907122533e+001
7.26156109540202e+001	2.79228987290752e+001
7.43070458194344e+001	2.79280014765669e+001
7.60378792641121e+001	2.79327245397250e+001
7.78090289988560e+001	2.79370921910289e+001
7.96214341106993e+001	2.79411274263133e+001
8.14760555608224e+001	2.79448520029108e+001
8.33738766940670e+001	2.79482864796803e+001
8.53159037603184e+001	2.79514502585524e+001
8.73031664480331e+001	2.79543616272445e+001
8.93367184301925e+001	2.79570378028152e+001
9.14176379229749e+001	2.79594949757548e+001
9.35470282574395e+001	2.79617483543273e+001
9.57260184645275e+001	2.79638122089055e+001
9.79557638736891e+001	2.79656999160631e+001
1.00237446725454e+002	2.79674240022131e+001
1.02572276798273e+002	2.79689961866020e+001
1.04961492049954e+002	2.79704274234954e+001
1.07406359274050e+002	2.79717279434100e+001
1.09908174771525e+002	2.79729072932668e+001
1.12468265038070e+002	2.79739743753639e+001
1.15087987467431e+002	2.79749374850801e+001
1.17768731071118e+002	2.79758043472420e+001
1.20511917214871e+002	2.79765821511000e+001
1.23319000372296e+002	2.79772775838760e+001
1.26191468896038e+002	2.79778968628540e+001
1.29130845806931e+002	2.79784457660014e+001
1.32138689601519e+002	2.79789296611166e+001
1.35216595078396e+002	2.79793535335079e+001
1.38366194183787e+002	2.79797220122175e+001
1.41589156876827e+002	2.79800393948121e+001
1.44887192014998e+002	2.79803096707662e+001
1.48262048260183e+002	2.79805365434702e+001
1.51715515005836e+002	2.79807234509020e+001
1.55249423325738e+002	2.79808735849999e+001
1.58865646944856e+002	2.79809899097827e+001
1.62566103232819e+002	2.79810751782627e+001
1.66352754220534e+002	2.79811319481983e+001
1.70227607640475e+002	2.79811625967388e+001
1.74192717991216e+002	2.79811693340095e+001
1.78250187626749e+002	2.79811542156900e+001
1.82402167871181e+002	2.79811191546372e+001
1.86650860159398e+002	2.79810659316061e+001
1.90998517204287e+002	2.79809962051180e+001
1.95447444191162e+002	2.79809115205301e+001
1.99999999999999e+002	2.79808133183548e+001
2.04658598456150e+002	2.79807029418811e+001
2.09425709610179e+002	2.79805816441445e+001
2.14303861047521e+002	2.79804505942943e+001
2.19295639228636e+002	2.79803108834044e+001
2.24403690860392e+002	2.79801635297719e+001
2.29630724299376e+002	2.79800094837460e+001
2.34979510987905e+002	2.79798496321296e+001
2.40452886923482e+002	2.79796848021906e+001
2.46053754162476e+002	2.79795157653219e+001
2.51785082358833e+002	2.79793432403843e+001
2.57649910338626e+002	2.79791678967644e+001
2.63651347711281e+002	2.79789903571794e+001
2.69792576518330e+002	2.79788112002554e+001
2.76076852920576e+002	2.79786309629068e+001
2.82507508924550e+002	2.79784501425395e+001
2.89087954149185e+002	2.79782691990996e+001
2.95821677633641e+002	2.79780885569876e+001
3.02712249687241e+002	2.79779086068540e+001
3.09763323782495e+002	2.79777297072937e+001
3.16978638492222e+002	2.79775521864502e+001
3.24362019471785e+002	2.79773763435425e+001
3.31917381487511e+002	2.79772024503248e+001
3.39648730492348e+002	2.79770307524867e+001
3.47560165749874e+002	2.79768614710002e+001
3.55655882007783e+002	2.79766948034211e+001
3.63940171721995e+002	2.79765309251471e+001
3.72417427332572e+002	2.79763699906376e+001
3.81092143592648e+002	2.79762121345972e+001
3.89968919951608e+002	2.79760574731244e+001
3.99052462993775e+002	2.79759061048275e+001
4.08347588933904e+002	2.79757581119081e+001
4.17859226170806e+002	2.79756135612122e+001
4.27592417900445e+002	2.79754725052491e+001
4.37552324789909e+002	2.79753349831779e+001
4.47744227713666e+002	2.79752010217616e+001
4.58173530553553e+002	2.79750706362872e+001
4.68845763063983e+002	2.79749438314521e+001
4.79766583803896e+002	2.79748206022166e+001
4.90941783137004e+002	2.79747009346208e+001
5.02377286301914e+002	2.79745848065674e+001
5.14079156553771e+002	2.79744721885676e+001
5.26053598379074e+002	2.79743630444525e+001
5.38306960785381e+002	2.79742573320488e+001
5.50845740667631e+002	2.79741550038178e+001
5.63676586252888e+002	2.79740560074609e+001
5.76806300625319e+002	2.79739602864890e+001
5.90241845333275e+002	2.79738677807581e+001
6.03990344080401e+002	2.79737784269708e+001
6.18059086502716e+002	2.79736921591455e+001
6.32455532033673e+002	2.79736089090533e+001
6.47187313859254e+002	2.79735286066237e+001
6.62262242965179e+002	2.79734511803205e+001
6.77688312278402e+002	2.79733765574883e+001
6.93473700905060e+002	2.79733046646726e+001
7.09626778467148e+002	2.79732354279113e+001
7.26156109540200e+002	2.79731687730023e+001
7.43070458194342e+002	2.79731046257472e+001
7.60378792641119e+002	2.79730429121707e+001
7.78090289988558e+002	2.79729835587201e+001
7.96214341106991e+002	2.79729264924433e+001
8.14760555608222e+002	2.79728716411482e+001
8.33738766940667e+002	2.79728189335439e+001
8.53159037603181e+002	2.79727682993660e+001
8.73031664480328e+002	2.79727196694847e+001
8.93367184301922e+002	2.79726729760001e+001
9.14176379229746e+002	2.79726281523232e+001
9.35470282574392e+002	2.79725851332446e+001
9.57260184645272e+002	2.79725438549918e+001
9.79557638736888e+002	2.79725042552762e+001
1.00237446725454e+003	2.79724662733302e+001
1.02572276798272e+003	2.79724298499358e+001
1.04961492049954e+003	2.79723949274451e+001
1.07406359274050e+003	2.79723614497935e+001
1.09908174771524e+003	2.79723293625065e+001
1.12468265038069e+003	2.79722986127002e+001
1.15087987467431e+003	2.79722691490775e+001
1.17768731071117e+003	2.79722409219183e+001
1.20511917214871e+003	2.79722138830667e+001
1.23319000372296e+003	2.79721879859137e+001
1.26191468896038e+003	2.79721631853767e+001
1.29130845806930e+003	2.79721394378769e+001
1.32138689601518e+003	2.79721167013136e+001
1.35216595078396e+003	2.79720949350365e+001
1.38366194183787e+003	2.79720740998162e+001
1.41589156876827e+003	2.79720541578137e+001
1.44887192014997e+003	2.79720350725479e+001
1.48262048260183e+003	2.79720168088631e+001
1.51715515005836e+003	2.79719993328947e+001
1.55249423325738e+003	2.79719826120353e+001
1.58865646944855e+003	2.79719666148995e+001
1.62566103232819e+003	2.79719513112897e+001
1.66352754220533e+003	2.79719366721606e+001
1.70227607640474e+003	2.79719226695847e+001
1.74192717991215e+003	2.79719092767170e+001
1.78250187626748e+003	2.79718964677616e+001
1.82402167871181e+003	2.79718842179364e+001
1.86650860159397e+003	2.79718725034404e+001
1.90998517204286e+003	2.79718613014202e+001
1.95447444191161e+003	2.79718505899375e+001
1.99999999999999e+003	2.79718403479370e+001
2.04658598456150e+003	2.79718305552155e+001
2.09425709610179e+003	2.79718211923908e+001
2.14303861047520e+003	2.79718122408721e+001
2.19295639228636e+003	2.79718036828308e+001
2.24403690860391e+003	2.79717955011720e+001
2.29630724299375e+003	2.79717876795066e+001
2.34979510987905e+003	2.79717802021249e+001
2.40452886923481e+003	2.79717730539701e+001
2.46053754162475e+003	2.79717662206128e+001
2.51785082358832e+003	2.79717596882269e+001
2.57649910338625e+003	2.79717534435651e+001
2.63651347711280e+003	2.79717474739364e+001
2.69792576518329e+003	2.79717417671833e+001
2.76076852920575e+003	2.79717363116603e+001
2.82507508924549e+003	2.79717310962131e+001
2.89087954149184e+003	2.79717261101583e+001
2.95821677633640e+003	2.79717213432636e+001
3.02712249687240e+003	2.79717167857295e+001
3.09763323782494e+003	2.79717124281708e+001
3.16978638492221e+003	2.79717082615987e+001
3.24362019471784e+003	2.79717042774045e+001
3.31917381487510e+003	2.79717004673426e+001
3.39648730492347e+003	2.79716968235152e+001
3.47560165749873e+003	2.79716933383569e+001
3.55655882007782e+003	2.79716900046199e+001
3.63940171721994e+003	2.79716868153598e+001
3.72417427332571e+003	2.79716837639225e+001
3.81092143592647e+003	2.79716808439300e+001
3.89968919951606e+003	2.79716780492686e+001
3.99052462993773e+003	2.79716753740761e+001
4.08347588933903e+003	2.79716728127300e+001
4.17859226170805e+003	2.79716703598361e+001
4.27592417900444e+003	2.79716680102171e+001
4.37552324789908e+003	2.79716657589023e+001
4.47744227713665e+003	2.79716636011167e+001
4.58173530553552e+003	2.79716615322712e+001
4.68845763063981e+003	2.79716595479525e+001
4.79766583803895e+003	2.79716576439137e+001
4.90941783137003e+003	2.79716558160649e+001
5.02377286301913e+003	2.79716540604641e+001
5.14079156553769e+003	2.79716523733083e+001
5.26053598379073e+003	2.79716507509247e+001
5.38306960785379e+003	2.79716491897622e+001
5.50845740667629e+003	2.79716476863829e+001
5.63676586252887e+003	2.79716462374537e+001
5.76806300625317e+003	2.79716448397379e+001
5.90241845333273e+003	2.79716434900874e+001
6.03990344080399e+003	2.79716421854339e+001
6.18059086502713e+003	2.79716409227811e+001
6.32455532033671e+003	2.79716396991958e+001
6.47187313859252e+003	2.79716385118004e+001
6.62262242965177e+003	2.79716373577638e+001
6.77688312278400e+003	2.79716362342927e+001
6.93473700905058e+003	2.79716351386233e+001
7.09626778467146e+003	2.79716340680114e+001
7.26156109540197e+003	2.79716330197239e+001
7.43070458194339e+003	2.79716319910285e+001
7.60378792641117e+003	2.79716309791838e+001
7.78090289988555e+003	2.79716299814285e+001
7.96214341106988e+003	2.79716289949712e+001
8.14760555608219e+003	2.79716280169776e+001
8.33738766940664e+003	2.79716270445588e+001
8.53159037603179e+003	2.79716260747587e+001
8.73031664480325e+003	2.79716251045394e+001
8.93367184301919e+003	2.79716241307671e+001
9.14176379229743e+003	2.79716231501957e+001
9.35470282574389e+003	2.79716221594507e+001
9.57260184645269e+003	2.79716211550109e+001
9.79557638736884e+003	2.79716201331886e+001
1.00237446725454e+004	2.79716190901090e+001
1.02572276798272e+004	2.79716180216876e+001
1.04961492049954e+004	2.79716169236054e+001
1.07406359274050e+004	2.79716157912831e+001
1.09908174771524e+004	2.79716146198519e+001
1.12468265038069e+004	2.79716134041226e+001
1.15087987467430e+004	2.79716121385520e+001
1.17768731071117e+004	2.79716108172058e+001
1.20511917214871e+004	2.79716094337193e+001
1.23319000372295e+004	2.79716079812536e+001
1.26191468896038e+004	2.79716064524483e+001
1.29130845806930e+004	2.79716048393702e+001
1.32138689601518e+004	2.79716031334571e+001
1.35216595078395e+004	2.79716013254564e+001
1.38366194183786e+004	2.79715994053587e+001
1.41589156876826e+004	2.79715973623243e+001
1.44887192014997e+004	2.79715951846041e+001
1.48262048260182e+004	2.79715928594527e+001
1.51715515005835e+004	2.79715903730332e+001
1.55249423325737e+004	2.79715877103140e+001
1.58865646944855e+004	2.79715848549549e+001
1.62566103232818e+004	2.79715817891843e+001
1.66352754220533e+004	2.79715784936632e+001
1.70227607640474e+004	2.79715749473379e+001
1.74192717991215e+004	2.79715711272786e+001
1.78250187626748e+004	2.79715670085025e+001
1.82402167871180e+004	2.79715625637813e+001
1.86650860159397e+004	2.79715577634302e+001
1.90998517204286e+004	2.79715525750776e+001
1.95447444191160e+004	2.79715469634131e+001
2.00000000000000e+004	2.79715408899119e+001
2.00000000000000e+001	2.47395504098070e+001
2.04658598456151e+001	2.48309135703402e+001
2.09425709610180e+001	2.49197043804180e+001
2.14303861047521e+001	2.50059300859630e+001
2.19295639228637e+001	2.50896006643195e+001
2.24403690860393e+001	2.51707288201748e+001
2.29630724299377e+001	2.52493299705898e+001
2.34979510987906e+001	2.53254222192430e+001
2.40452886923483e+001	2.53990263200616e+001
2.46053754162476e+001	2.54701656304822e+001
2.51785082358833e+001	2.55388660546471e+001
2.57649910338627e+001	2.56051559769012e+001
2.63651347711281e+001	2.56690661860098e+001
2.69792576518331e+001	2.57306297905652e+001
2.76076852920577e+001	2.57898821260955e+001
2.82507508924551e+001	2.58468606544279e+001
2.89087954149185e+001	2.59016048558923e+001
2.95821677633641e+001	2.59541561149810e+001
3.02712249687242e+001	2.60045576001055e+001
3.09763323782496e+001	2.60528541381126e+001
3.16978638492223e+001	2.60990920842375e+001
3.24362019471786e+001	2.61433191881864e+001
3.31917381487512e+001	2.61855844570514e+001
3.39648730492349e+001	2.62259380157638e+001
3.47560165749875e+001	2.62644309657993e+001
3.55655882007784e+001	2.63011152428447e+001
3.63940171721997e+001	2.63360434741360e+001
3.72417427332573e+001	2.63692688361658e+001
3.81092143592649e+001	2.64008449134545e+001
3.89968919951609e+001	2.64308255590584e+001
3.99052462993776e+001	2.64592647574760e+001
4.08347588933906e+001	2.64862164905870e+001
4.17859226170808e+001	2.65117346072363e+001
4.27592417900446e+001	2.65358726970421e+001
4.37552324789910e+001	2.65586839689731e+001
4.47744227713668e+001	2.65802211352025e+001
4.58173530553554e+001	2.66005363007018e+001
4.68845763063984e+001	2.66196808589911e+001
4.79766583803898e+001	2.66377053944140e+001
4.90941783137006e+001	2.66546595912500e+001
5.02377286301916e+001	2.66705921499234e+001
5.14079156553772e+001	2.66855507105113e+001
5.26053598379076e+001	2.66995817836922e+001
5.38306960785383e+001	2.67127306892220e+001
5.50845740667633e+001	2.67250415019617e+001
5.63676586252890e+001	2.67365570054295e+001
5.76806300625321e+001	2.67473186527886e+001
5.90241845333277e+001	2.67573665351356e+001
6.03990344080403e+001	2.67667393569003e+001
6.18059086502718e+001	2.67754744181256e+001
6.32455532033675e+001	2.67836076033534e+001
6.47187313859256e+001	2.67911733768066e+001
6.62262242965182e+001	2.67982047835252e+001
6.77688312278404e+001	2.68047334560902e+001
6.93473700905062e+001	2.68107896265451e+001
7.09626778467150e+001	2.68164021431119e+001
7.26156109540202e+001	2.68215984912872e+001
7.43070458194344e+001	2.68264048188963e+001
7.60378792641121e+001	2.68308459646863e+001
7.78090289988560e+001	2.68349454900397e+001
7.96214341106993e+001	2.68387257133978e+001
8.14760555608224e+001	2.68422077469955e+001
8.33738766940670e+001	2.68454115355232e+001
8.53159037603184e+001	2.68483558963461e+001
8.73031664480331e+001	2.68510585609335e+001
8.93367184301925e+001	2.68535362171697e+001
9.14176379229749e+001	2.68558045522389e+001
9.35470282574395e+001	2.68578782958036e+001
9.57260184645275e+001	2.68597712632147e+001
9.79557638736891e+001	2.68614963985186e+001
1.00237446725454e+002	2.68630658170497e+001
1.02572276798273e+002	2.68644908474171e+001
1.04961492049954e+002	2.68657820727214e+001
1.07406359274050e+002	2.68669493708540e+001
1.09908174771525e+002	2.68680019537571e+001
1.12468265038070e+002	2.68689484055369e+001
1.15087987467431e+002	2.68697967193450e+001
1.17768731071118e+002	2.68705543329576e+001
1.20511917214871e+002	2.68712281629973e+001
1.23319000372296e+002	2.68718246377600e+001
1.26191468896038e+002	2.68723497286168e+001
1.29130845806931e+002	2.68728089799783e+001
1.32138689601519e+002	2.68732075378151e+001
1.35216595078396e+002	2.68735501767393e+001
1.38366194183787e+002	2.68738413256596e+001
1.41589156876827e+002	2.68740850920299e+001
1.44887192014998e+002	2.68742852847179e+001
1.48262048260183e+002	2.68744454355238e+001
1.51715515005836e+002	2.68745688193860e+001
1.55249423325738e+002	2.68746584733132e+001
1.58865646944856e+002	2.68747172140852e+001
1.62566103232819e+002	2.68747476547682e+001
1.66352754220534e+002	2.68747522200913e+001
1.70227607640475e+002	2.68747331607334e+001
1.74192717991216e+002	2.68746925665710e+001
1.78250187626749e+002	2.68746323789354e+001
1.82402167871181e+002	2.68745544019339e+001
1.86650860159398e+002	2.68744603128819e+001
1.90998517204287e+002	2.68743516719018e+001
1.95447444191162e+002	2.68742299307343e+001
1.99999999999999e+002	2.68740964408158e+001
2.04658598456150e+002	2.68739524606700e+001
2.09425709610179e+002	2.68737991626605e+001
2.14303861047521e+002	2.68736376391533e+001
2.19295639228636e+002	2.68734689081332e+001
2.24403690860392e+002	2.68732939183187e+001
2.29630724299376e+002	2.68731135538177e+001
2.34979510987905e+002	2.68729286383639e+001
2.40452886923482e+002	2.68727399391737e+001
2.46053754162476e+002	2.68725481704585e+001
2.51785082358833e+002	2.68723539966282e+001
2.57649910338626e+002	2.68721580352173e+001
2.63651347711281e+002	2.68719608595642e+001
2.69792576518330e+002	2.68717630012712e+001
2.76076852920576e+002	2.68715649524716e+001
2.82507508924550e+002	2.68713671679255e+001
2.89087954149185e+002	2.68711700669677e+001
2.95821677633641e+002	2.68709740353249e+001
3.02712249687241e+002	2.68707794268209e+001
3.09763323782495e+002	2.68705865649824e+001
3.16978638492222e+002	2.68703957445614e+001
3.24362019471785e+002	2.68702072329831e+001
3.31917381487511e+002	2.68700212717305e+001
3.39648730492348e+002	2.68698380776723e+001
3.47560165749874e+002	2.68696578443430e+001
3.55655882007783e+002	2.68694807431783e+001
3.63940171721995e+002	2.68693069247117e+001
3.72417427332572e+002	2.68691365197346e+001
3.81092143592648e+002	2.68689696404240e+001
3.89968919951608e+002	2.68688063814369e+001
3.99052462993775e+002	2.68686468209753e+001
4.08347588933904e+002	2.68684910218197e+001
4.17859226170806e+002	2.68683390323344e+001
4.27592417900445e+002	2.68681908874410e+001
4.37552324789909e+002	2.68680466095626e+001
4.47744227713666e+002	2.68679062095369e+001
4.58173530553553e+002	2.68677696874974e+001
4.68845763063983e+002	2.68676370337231e+001
4.79766583803896e+002	2.68675082294553e+001
4.90941783137004e+002	2.68673832476808e+001
5.02377286301914e+002	2.68672620538821e+001
5.14079156553771e+002	2.68671446067537e+001
5.26053598379074e+002	2.68670308588829e+001
5.38306960785381e+002	2.68669207573983e+001
5.50845740667631e+002	2.68668142445826e+001
5.63676586252888e+002	2.68667112584516e+001
5.76806300625319e+002	2.68666117333007e+001
5.90241845333275e+002	2.68665156002167e+001
6.03990344080401e+002	2.68664227875579e+001
6.18059086502716e+002	2.68663332214024e+001
6.32455532033673e+002	2.68662468259650e+001
6.47187313859254e+002	2.68661635239840e+001
6.62262242965179e+002	2.68660832370796e+001
6.77688312278402e+002	2.68660058860834e+001
6.93473700905060e+002	2.68659313913413e+001
7.09626778467148e+002	2.68658596729908e+001
7.26156109540200e+002	2.68657906512135e+001
7.43070458194342e+002	2.68657242464647e+001
7.60378792641119e+002	2.68656603796797e+001
7.78090289988558e+002	2.68655989724608e+001
7.96214341106991e+002	2.68655399472433e+001
8.14760555608222e+002	2.68654832274438e+001
8.33738766940667e+002	2.68654287375902e+001
8.53159037603181e+002	2.68653764034368e+001
8.73031664480328e+002	2.68653261520634e+001
8.93367184301922e+002	2.68652779119606e+001
9.14176379229746e+002	2.68652316131020e+001
9.35470282574392e+002	2.68651871870054e+001
9.57260184645272e+002	2.68651445667812e+001
9.79557638736888e+002	2.68651036871726e+001
1.00237446725454e+003	2.68650644845854e+001
1.02572276798272e+003	2.68650268971097e+001
1.04961492049954e+003	2.68649908645340e+001
1.07406359274050e+003	2.68649563283524e+001
1.09908174771524e+003	2.68649232317655e+001
1.12468265038069e+003	2.68648915196758e+001
1.15087987467431e+003	2.68648611386780e+001
1.17768731071117e+003	2.68648320370448e+001
1.20511917214871e+003	2.68648041647091e+001
1.23319000372296e+003	2.68647774732423e+001
1.26191468896038e+003	2.68647519158298e+001
1.29130845806930e+003	2.68647274472441e+001
1.32138689601518e+003	2.68647040238151e+001
1.35216595078396e+003	2.68646816033993e+001
1.38366194183787e+003	2.68646601453466e+001
1.41589156876827e+003	2.68646396104662e+001
1.44887192014997e+003	2.68646199609919e+001
1.48262048260183e+003	2.68646011605455e+001
1.51715515005836e+003	2.68645831741005e+001
1.55249423325738e+003	2.68645659679452e+001
1.58865646944855e+003	2.68645495096456e+001
1.62566103232819e+003	2.68645337680080e+001
1.66352754220533e+003	2.68645187130414e+001
1.70227607640474e+003	2.68645043159216e+001
1.74192717991215e+003	2.68644905489530e+001
1.78250187626748e+003	2.68644773855336e+001
1.82402167871181e+003	2.68644648001182e+001
1.86650860159397e+003	2.68644527681836e+001
1.90998517204286e+003	2.68644412661934e+001
1.95447444191161e+003	2.68644302715644e+001
1.99999999999999e+003	2.68644197626330e+001
2.04658598456150e+003	2.68644097186225e+001
2.09425709610179e+003	2.68644001196111e+001
2.14303861047520e+003	2.68643909465011e+001
2.19295639228636e+003	2.68643821809884e+001
2.24403690860391e+003	2.68643738055330e+001
2.29630724299375e+003	2.68643658033304e+001
2.34979510987905e+003	2.68643581582838e+001
2.40452886923481e+003	2.68643508549772e+001
2.46053754162475e+003	2.68643438786486e+001
2.51785082358832e+003	2.68643372151658e+001
2.57649910338625e+003	2.68643308510006e+001
2.63651347711280e+003	2.68643247732062e+001
2.69792576518329e+003	2.68643189693934e+001
2.76076852920575e+003	2.68643134277091e+001
2.82507508924549e+003	2.68643081368143e+001
2.89087954149184e+003	2.68643030858642e+001
2.95821677633640e+003	2.68642982644878e+001
3.02712249687240e+003	2.68642936627687e+001
3.09763323782494e+003	2.68642892712271e+001
3.16978638492221e+003	2.68642850808014e+001
3.24362019471784e+003	2.68642810828318e+001
3.31917381487510e+003	2.68642772690431e+001
3.39648730492347e+003	2.68642736315294e+001
3.47560165749873e+003	2.68642701627385e+001
3.55655882007782e+003	2.68642668554575e+001
3.63940171721994e+003	2.68642637027984e+001
3.72417427332571e+003	2.68642606981851e+001
3.81092143592647e+003	2.68642578353395e+001
3.89968919951606e+003	2.68642551082699e+001
3.99052462993773e+003	2.68642525112583e+001
4.08347588933903e+003	2.68642500388493e+001
4.17859226170805e+003	2.68642476858385e+001
4.27592417900444e+003	2.68642454472621e+001
4.37552324789908e+003	2.68642433183866e+001
4.47744227713665e+003	2.68642412946988e+001
4.58173530553552e+003	2.68642393718961e+001
4.68845763063981e+003	2.68642375458775e+001
4.79766583803895e+003	2.68642358127347e+001
4.90941783137003e+003	2.68642341687433e+001
5.02377286301913e+003	2.68642326103549e+001
5.14079156553769e+003	2.68642311341884e+001
5.26053598379073e+003	2.68642297370229e+001
5.38306960785379e+003	2.68642284157895e+001
5.50845740667629e+003	2.68642271675645e+001
5.63676586252887e+003	2.68642259895614e+001
5.76806300625317e+003	2.68642248791247e+001
5.90241845333273e+003	2.68642238337223e+001
6.03990344080399e+003	2.68642228509387e+001
6.18059086502713e+003	2.68642219284686e+001
6.32455532033671e+003	2.68642210641095e+001
6.47187313859252e+003	2.68642202557557e+001
6.62262242965177e+003	2.68642195013908e+001
6.77688312278400e+003	2.68642187990815e+001
6.93473700905058e+003	2.68642181469703e+001
7.09626778467146e+003	2.68642175432683e+001
7.26156109540197e+003	2.68642169862486e+001
7.43070458194339e+003	2.68642164742383e+001
7.60378792641117e+003	2.68642160056108e+001
7.78090289988555e+003	2.68642155787783e+001
7.96214341106988e+003	2.68642151921828e+001
8.14760555608219e+003	2.68642148442877e+001
8.33738766940664e+003	2.68642145335683e+001
8.53159037603179e+003	2.68642142585018e+001
8.73031664480325e+003	2.68642140175572e+001
8.93367184301919e+003	2.68642138091838e+001
9.14176379229743e+003	2.68642136317988e+001
9.35470282574389e+003	2.68642134837750e+001
9.57260184645269e+003	2.68642133634262e+001
9.79557638736884e+003	2.68642132689926e+001
1.00237446725454e+004	2.68642131986237e+001
1.02572276798272e+004	2.68642131503612e+001
1.04961492049954e+004	2.68642131221192e+001
1.07406359274050e+004	2.68642131116630e+001
1.09908174771524e+004	2.68642131165864e+001
1.12468265038069e+004	2.68642131342862e+001
1.15087987467430e+004	2.68642131619349e+001
1.17768731071117e+004	2.68642131964508e+001
1.20511917214871e+004	2.68642132344644e+001
1.23319000372295e+004	2.68642132722832e+001
1.26191468896038e+004	2.68642133058516e+001
1.29130845806930e+004	2.68642133307079e+001
1.32138689601518e+004	2.68642133419367e+001
1.35216595078395e+004	2.68642133341171e+001
1.38366194183786e+004	2.68642133012649e+001
1.41589156876826e+004	2.68642132367712e+001
1.44887192014997e+004	2.68642131333323e+001
1.48262048260182e+004	2.68642129828756e+001
1.51715515005835e+004	2.68642127764759e+001
1.55249423325737e+004	2.68642125042652e+001
1.58865646944855e+004	2.68642121553333e+001
1.62566103232818e+004	2.68642117176180e+001
1.66352754220533e+004	2.68642111777859e+001
1.70227607640474e+004	2.68642105211005e+001
1.74192717991215e+004	2.68642097312786e+001
1.78250187626748e+004	2.68642087903316e+001
1.82402167871180e+004	2.68642076783928e+001
1.86650860159397e+004	2.68642063735267e+001
1.90998517204286e+004	2.68642048515210e+001
1.95447444191160e+004	2.68642030856581e+001
2.00000000000000e+004	2.68642010464646e+001
2.00000000000000e+001	2.40356349973025e+001
2.04658598456151e+001	2.41260578726556e+001
2.09425709610180e+001	2.42139518650916e+001
2.14303861047521e+001	2.42993224254890e+001
2.19295639228637e+001	2.43821778037425e+001
2.24403690860393e+001	2.44625290425148e+001
2.29630724299377e+001	2.45403899601154e+001
2.34979510987906e+001	2.46157771226138e+001
2.40452886923483e+001	2.46887098053693e+001
2.46053754162476e+001	2.47592099442204e+001
2.51785082358833e+001	2.48273020766484e+001
2.57649910338627e+001	2.48930132732790e+001
2.63651347711281e+001	2.49563730601493e+001
2.69792576518331e+001	2.50174133322096e+001
2.76076852920577e+001	2.50761682585748e+001
2.82507508924551e+001	2.51326741800818e+001
2.89087954149185e+001	2.51869694997402e+001
2.95821677633641e+001	2.52390945666924e+001
3.02712249687242e+001	2.52890915543281e+001
3.09763323782496e+001	2.53370043332136e+001
3.16978638492223e+001	2.53828783395167e+001
3.24362019471786e+001	2.54267604396201e+001
3.31917381487512e+001	2.54686987916245e+001
3.39648730492349e+001	2.55087427044504e+001
3.47560165749875e+001	2.55469424952496e+001
3.55655882007784e+001	2.55833493458369e+001
3.63940171721997e+001	2.56180151588502e+001
3.72417427332573e+001	2.56509924143374e+001
3.81092143592649e+001	2.56823340274605e+001
3.89968919951609e+001	2.57120932079925e+001
3.99052462993776e+001	2.57403233222625e+001
4.08347588933906e+001	2.57670777581847e+001
4.17859226170808e+001	2.57924097939795e+001
4.27592417900446e+001	2.58163724711645e+001
4.37552324789910e+001	2.58390184723569e+001
4.47744227713668e+001	2.58604000043939e+001
4.58173530553554e+001	2.58805686872293e+001
4.68845763063984e+001	2.58995754490230e+001
4.79766583803898e+001	2.59174704277848e+001
4.90941783137006e+001	2.59343028798872e+001
5.02377286301916e+001	2.59501210956995e+001
5.14079156553772e+001	2.59649723225457e+001
5.26053598379076e+001	2.59789026951237e+001
5.38306960785383e+001	2.59919571734705e+001
5.50845740667633e+001	2.60041794884966e+001
5.63676586252890e+001	2.60156120950574e+001
5.76806300625321e+001	2.60262961324745e+001
5.90241845333277e+001	2.60362713923670e+001
6.03990344080403e+001	2.60455762936039e+001
6.18059086502718e+001	2.60542478641444e+001
6.32455532033675e+001	2.60623217294910e+001
6.47187313859256e+001	2.60698321074438e+001
6.62262242965182e+001	2.60768118088158e+001
6.77688312278404e+001	2.60832922437383e+001
6.93473700905062e+001	2.60893034331704e+001
7.09626778467150e+001	2.60948740252063e+001
7.26156109540202e+001	2.61000313157658e+001
7.43070458194344e+001	2.61048012732493e+001
7.60378792641121e+001	2.61092085667345e+001
7.78090289988560e+001	2.61132765972989e+001
7.96214341106993e+001	2.61170275320576e+001
8.14760555608224e+001	2.61204823405179e+001
8.33738766940670e+001	2.61236608328672e+001
8.53159037603184e+001	2.61265816998244e+001
8.73031664480331e+001	2.61292625537097e+001
8.93367184301925e+001	2.61317199704014e+001
9.14176379229749e+001	2.61339695318775e+001
9.35470282574395e+001	2.61360258690574e+001
9.57260184645275e+001	2.61379027046848e+001
9.79557638736891e+001	2.61396128960174e+001
1.00237446725454e+002	2.61411684771113e+001
1.02572276798273e+002	2.61425807005095e+001
1.04961492049954e+002	2.61438600781710e+001
1.07406359274050e+002	2.61450164214932e+001
1.09908174771525e+002	2.61460588803042e+001
1.12468265038070e+002	2.61469959807210e+001
1.15087987467431e+002	2.61478356617846e+001
1.17768731071118e+002	2.61485853108043e+001
1.20511917214871e+002	2.61492517973561e+001
1.23319000372296e+002	2.61498415058953e+001
1.26191468896038e+002	2.61503603669551e+001
1.29130845806931e+002	2.61508138869181e+001
1.32138689601519e+002	2.61512071763532e+001
1.35216595078396e+002	2.61515449769237e+001
1.38366194183787e+002	2.61518316868789e+001
1.41589156876827e+002	2.61520713851479e+001
1.44887192014998e+002	2.61522678540620e+001
1.48262048260183e+002	2.61524246007368e+001
1.51715515005836e+002	2.61525448771491e+001
1.55249423325738e+002	2.61526316989477e+001
1.58865646944856e+002	2.61526878630417e+001
1.62566103232819e+002	2.61527159640096e+001
1.66352754220534e+002	2.61527184093768e+001
1.70227607640475e+002	2.61526974338114e+001
1.74192717991216e+002	2.61526551122847e+001
1.78250187626749e+002	2.61525933722500e+001
1.82402167871181e+002	2.61525140048887e+001
1.86650860159398e+002	2.61524186754744e+001
1.90998517204287e+002	2.61523089329076e+001
1.95447444191162e+002	2.61521862184682e+001
1.99999999999999e+002	2.61520518738388e+001
2.04658598456150e+002	2.61519071484455e+001
2.09425709610179e+002	2.61517532061645e+001
2.14303861047521e+002	2.61515911314413e+001
2.19295639228636e+002	2.61514219348682e+001
2.24403690860392e+002	2.61512465582627e+001
2.29630724299376e+002	2.61510658792895e+001
2.34979510987905e+002	2.61508807156670e+001
2.40452886923482e+002	2.61506918289945e+001
2.46053754162476e+002	2.61504999282399e+001
2.51785082358833e+002	2.61503056729176e+001
2.57649910338626e+002	2.61501096759940e+001
2.63651347711281e+002	2.61499125065451e+001
2.69792576518330e+002	2.61497146921987e+001
2.76076852920576e+002	2.61495167213825e+001
2.82507508924550e+002	2.61493190454053e+001
2.89087954149185e+002	2.61491220803886e+001
2.95821677633641e+002	2.61489262090706e+001
3.02712249687241e+002	2.61487317824972e+001
3.09763323782495e+002	2.61485391216171e+001
3.16978638492222e+002	2.61483485187913e+001
3.24362019471785e+002	2.61481602392310e+001
3.31917381487511e+002	2.61479745223714e+001
3.39648730492348e+002	2.61477915831911e+001
3.47560165749874e+002	2.61476116134818e+001
3.55655882007783e+002	2.61474347830760e+001
3.63940171721995e+002	2.61472612410349e+001
3.72417427332572e+002	2.61470911168015e+001
3.81092143592648e+002	2.61469245213200e+001
3.89968919951608e+002	2.61467615481236e+001
3.99052462993775e+002	2.61466022743929e+001
4.08347588933904e+002	2.61464467619830e+001
4.17859226170806e+002	2.61462950584221e+001
4.27592417900445e+002	2.61461471978802e+001
4.37552324789909e+002	2.61460032021071e+001
4.47744227713666e+002	2.61458630813401e+001
4.58173530553553e+002	2.61457268351806e+001
4.68845763063983e+002	2.61455944534389e+001
4.79766583803896e+002	2.61454659169460e+001
4.90941783137004e+002	2.61453411983333e+001
5.02377286301914e+002	2.61452202627778e+001
5.14079156553771e+002	2.61451030687149e+001
5.26053598379074e+002	2.61449895685162e+001
5.38306960785381e+002	2.61448797091331e+001
5.50845740667631e+002	2.61447734327073e+001
5.63676586252888e+002	2.61446706771470e+001
5.76806300625319e+002	2.61445713766692e+001
5.90241845333275e+002	2.61444754623102e+001
6.03990344080401e+002	2.61443828624023e+001
6.18059086502716e+002	2.61442935030199e+001
6.32455532033673e+002	2.61442073083942e+001
6.47187313859254e+002	2.61441242012982e+001
6.62262242965179e+002	2.61440441034026e+001
6.77688312278402e+002	2.61439669356039e+001
6.93473700905060e+002	2.61438926183256e+001
7.09626778467148e+002	2.61438210717942e+001
7.26156109540200e+002	2.61437522162895e+001
7.43070458194342e+002	2.61436859723737e+001
7.60378792641119e+002	2.61436222610965e+001
7.78090289988558e+002	2.61435610041805e+001
7.96214341106991e+002	2.61435021241863e+001
8.14760555608222e+002	2.61434455446603e+001
8.33738766940667e+002	2.61433911902637e+001
8.53159037603181e+002	2.61433389868866e+001
8.73031664480328e+002	2.61432888617468e+001
8.93367184301922e+002	2.61432407434742e+001
9.14176379229746e+002	2.61431945621827e+001
9.35470282574392e+002	2.61431502495306e+001
9.57260184645272e+002	2.61431077387692e+001
9.79557638736888e+002	2.61430669647819e+001
1.00237446725454e+003	2.61430278641141e+001
1.02572276798272e+003	2.61429903749944e+001
1.04961492049954e+003	2.61429544373488e+001
1.07406359274050e+003	2.61429199928073e+001
1.09908174771524e+003	2.61428869847048e+001
1.12468265038069e+003	2.61428553580765e+001
1.15087987467431e+003	2.61428250596476e+001
1.17768731071117e+003	2.61427960378199e+001
1.20511917214871e+003	2.61427682426528e+001
1.23319000372296e+003	2.61427416258425e+001
1.26191468896038e+003	2.61427161406971e+001
1.29130845806930e+003	2.61426917421096e+001
1.32138689601518e+003	2.61426683865286e+001
1.35216595078396e+003	2.61426460319268e+001
1.38366194183787e+003	2.61426246377687e+001
1.41589156876827e+003	2.61426041649760e+001
1.44887192014997e+003	2.61425845758931e+001
1.48262048260183e+003	2.61425658342506e+001
1.51715515005836e+003	2.61425479051291e+001
1.55249423325738e+003	2.61425307549225e+001
1.58865646944855e+003	2.61425143513005e+001
1.62566103232819e+003	2.61424986631719e+001
1.66352754220533e+003	2.61424836606471e+001
1.70227607640474e+003	2.61424693150014e+001
1.74192717991215e+003	2.61424555986386e+001
1.78250187626748e+003	2.61424424850542e+001
1.82402167871181e+003	2.61424299488004e+001
1.86650860159397e+003	2.61424179654501e+001
1.90998517204286e+003	2.61424065115630e+001
1.95447444191161e+003	2.61423955646514e+001
1.99999999999999e+003	2.61423851031469e+001
2.04658598456150e+003	2.61423751063677e+001
2.09425709610179e+003	2.61423655544876e+001
2.14303861047520e+003	2.61423564285041e+001
2.19295639228636e+003	2.61423477102089e+001
2.24403690860391e+003	2.61423393821585e+001
2.29630724299375e+003	2.61423314276457e+001
2.34979510987905e+003	2.61423238306715e+001
2.40452886923481e+003	2.61423165759189e+001
2.46053754162475e+003	2.61423096487268e+001
2.51785082358832e+003	2.61423030350646e+001
2.57649910338625e+003	2.61422967215078e+001
2.63651347711280e+003	2.61422906952151e+001
2.69792576518329e+003	2.61422849439048e+001
2.76076852920575e+003	2.61422794558335e+001
2.82507508924549e+003	2.61422742197749e+001
2.89087954149184e+003	2.61422692249992e+001
2.95821677633640e+003	2.61422644612534e+001
3.02712249687240e+003	2.61422599187426e+001
3.09763323782494e+003	2.61422555881117e+001
3.16978638492221e+003	2.61422514604278e+001
3.24362019471784e+003	2.61422475271636e+001
3.31917381487510e+003	2.61422437801806e+001
3.39648730492347e+003	2.61422402117145e+001
3.47560165749873e+003	2.61422368143592e+001
3.55655882007782e+003	2.61422335810532e+001
3.63940171721994e+003	2.61422305050657e+001
3.72417427332571e+003	2.61422275799830e+001
3.81092143592647e+003	2.61422247996962e+001
3.89968919951606e+003	2.61422221583888e+001
3.99052462993773e+003	2.61422196505254e+001
4.08347588933903e+003	2.61422172708402e+001
4.17859226170805e+003	2.61422150143260e+001
4.27592417900444e+003	2.61422128762246e+001
4.37552324789908e+003	2.61422108520167e+001
4.47744227713665e+003	2.61422089374118e+001
4.58173530553552e+003	2.61422071283403e+001
4.68845763063981e+003	2.61422054209437e+001
4.79766583803895e+003	2.61422038115669e+001
4.90941783137003e+003	2.61422022967497e+001
5.02377286301913e+003	2.61422008732197e+001
5.14079156553769e+003	2.61421995378839e+001
5.26053598379073e+003	2.61421982878227e+001
5.38306960785379e+003	2.61421971202818e+001
5.50845740667629e+003	2.61421960326664e+001
5.63676586252887e+003	2.61421950225340e+001
5.76806300625317e+003	2.61421940875886e+001
5.90241845333273e+003	2.61421932256744e+001
6.03990344080399e+003	2.61421924347693e+001
6.18059086502713e+003	2.61421917129798e+001
6.32455532033671e+003	2.61421910585344e+001
6.47187313859252e+003	2.61421904697781e+001
6.62262242965177e+003	2.61421899451670e+001
6.77688312278400e+003	2.61421894832618e+001
6.93473700905058e+003	2.61421890827224e+001
7.09626778467146e+003	2.61421887423022e+001
7.26156109540197e+003	2.61421884608416e+001
7.43070458194339e+003	2.61421882372622e+001
7.60378792641117e+003	2.61421880705605e+001
7.78090289988555e+003	2.61421879598008e+001
7.96214341106988e+003	2.61421879041090e+001
8.14760555608219e+003	2.61421879026648e+001
8.33738766940664e+003	2.61421879546942e+001
8.53159037603179e+003	2.61421880594615e+001
8.73031664480325e+003	2.61421882162603e+001
8.93367184301919e+003	2.61421884244046e+001
9.14176379229743e+003	2.61421886832181e+001
9.35470282574389e+003	2.61421889920238e+001
9.57260184645269e+003	2.61421893501325e+001
9.79557638736884e+003	2.61421897568292e+001
1.00237446725454e+004	2.61421902113599e+001
1.02572276798272e+004	2.61421907129158e+001
1.04961492049954e+004	2.61421912606172e+001
1.07406359274050e+004	2.61421918534948e+001
1.09908174771524e+004	2.61421924904700e+001
1.12468265038069e+004	2.61421931703329e+001
1.15087987467430e+004	2.61421938917182e+001
1.17768731071117e+004	2.61421946530786e+001
1.20511917214871e+004	2.61421954526558e+001
1.23319000372295e+004	2.61421962884482e+001
1.26191468896038e+004	2.61421971581762e+001
1.29130845806930e+004	2.61421980592426e+001
1.32138689601518e+004	2.61421989886906e+001
1.35216595078395e+004	2.61421999431560e+001
1.38366194183786e+004	2.61422009188162e+001
1.41589156876826e+004	2.61422019113324e+001
1.44887192014997e+004	2.61422029157873e+001
1.48262048260182e+004	2.61422039266160e+001
1.51715515005835e+004	2.61422049375293e+001
1.55249423325737e+004	2.61422059414313e+001
1.58865646944855e+004	2.61422069303256e+001
1.62566103232818e+004	2.61422078952156e+001
1.66352754220533e+004	2.61422088259922e+001
1.70227607640474e+004	2.61422097113116e+001
1.74192717991215e+004	2.61422105384603e+001
1.78250187626748e+004	2.61422112932077e+001
1.82402167871180e+004	2.61422119596427e+001
1.86650860159397e+004	2.61422125199956e+001
1.90998517204286e+004	2.61422129544415e+001
1.95447444191160e+004	2.61422132408848e+001
2.00000000000000e+004	2.61422133547223e+001
