time	V(vout)
0.000000000000000e+000	-9.281601e-002
3.216976856793702e-007	-1.562418e-002
9.650930570381106e-007	1.372386e-001
2.251883799753857e-006	4.381699e-001
4.123001878613558e-006	8.671076e-001
6.123001878613824e-006	1.311463e+000
8.123001878614089e-006	1.734977e+000
1.012300187861435e-005	2.130926e+000
1.212300187861462e-005	2.493009e+000
1.412300187861489e-005	2.815584e+000
1.612300187861515e-005	3.093520e+000
1.812300187861542e-005	3.322413e+000
2.012300187861568e-005	3.498652e+000
2.212300187861595e-005	3.619454e+000
2.412300187861621e-005	3.682935e+000
2.612300187861648e-005	3.688116e+000
2.812300187861674e-005	3.634956e+000
3.012300187861701e-005	3.524345e+000
3.212300187861727e-005	3.358099e+000
3.412300187861754e-005	3.138926e+000
3.612300187861781e-005	2.870383e+000
3.812300187861807e-005	2.556820e+000
4.012300187861834e-005	2.203307e+000
4.212300187861860e-005	1.815571e+000
4.412300187861887e-005	1.399927e+000
4.612300187861913e-005	9.632677e-001
4.812300187861940e-005	5.140709e-001
4.933338879829947e-005	2.398373e-001
4.981754356617185e-005	1.330022e-001
5.006163080631051e-005	8.135329e-002
5.021307666248746e-005	5.173843e-002
5.034414179387603e-005	2.886372e-002
5.043232583127472e-005	1.578269e-002
5.051080891760318e-005	6.269048e-003
5.057454242394545e-005	-1.394219e-004
5.063158509941573e-005	-5.400744e-003
5.068603991814982e-005	-1.113088e-002
5.074237413760056e-005	-2.057734e-002
5.077150101876447e-005	-3.589255e-002
5.078927010269789e-005	-6.323968e-002
5.081356319030887e-005	-1.206967e-001
5.082405511744846e-005	-1.415328e-001
5.083906116581417e-005	-1.597463e-001
5.085439611814992e-005	-1.710182e-001
5.087324931851711e-005	-1.784145e-001
5.090188447304592e-005	-1.838204e-001
5.093568997935685e-005	-1.869453e-001
5.098750271118231e-005	-1.904739e-001
5.105248663951276e-005	-1.961561e-001
5.115659818943040e-005	-2.088322e-001
5.129969066160721e-005	-2.324771e-001
5.154810741662790e-005	-2.837842e-001
5.191512498227066e-005	-3.675343e-001
5.262893799119414e-005	-5.336084e-001
5.329098930106392e-005	-6.863655e-001
5.461509192080348e-005	-9.862626e-001
5.661509192080375e-005	-1.425006e+000
5.861509192080401e-005	-1.841876e+000
6.061509192080428e-005	-2.229200e+000
6.261509192080454e-005	-2.581100e+000
6.461509192080481e-005	-2.892320e+000
6.661509192080507e-005	-3.158182e+000
6.861509192080534e-005	-3.374735e+000
7.061509192080560e-005	-3.538754e+000
7.261509192080587e-005	-3.649628e+000
7.435691322485623e-005	-3.699029e+000
7.626086662104389e-005	-3.700600e+000
7.826086662104416e-005	-3.646980e+000
8.026086662104442e-005	-3.536786e+000
8.226086662104469e-005	-3.370737e+000
8.426086662104496e-005	-3.151150e+000
8.626086662104522e-005	-2.881238e+000
8.826086662104549e-005	-2.565097e+000
9.026086662104575e-005	-2.207651e+000
9.226086662104602e-005	-1.814601e+000
9.426086662104628e-005	-1.392338e+000
9.626086662104655e-005	-9.482690e-001
9.826086662104681e-005	-4.916336e-001
1.002608666210471e-004	-2.754414e-002
1.022608666210473e-004	4.393228e-001
1.042608666210476e-004	8.982519e-001
1.062608666210479e-004	1.341458e+000
1.082608666210481e-004	1.763357e+000
1.102608666210484e-004	2.157133e+000
1.122608666210487e-004	2.516684e+000
1.142608666210489e-004	2.836330e+000
1.162608666210492e-004	3.111019e+000
1.182608666210495e-004	3.336390e+000
1.202608666210497e-004	3.508888e+000
1.222608666210500e-004	3.625789e+000
1.242608666210503e-004	3.685533e+000
1.262251108991048e-004	3.687176e+000
1.282251108991050e-004	3.630792e+000
1.302251108991053e-004	3.517289e+000
1.322251108991056e-004	3.348268e+000
1.342251108991058e-004	3.126480e+000
1.362251108991061e-004	2.855527e+000
1.382251108991064e-004	2.539796e+000
1.402251108991066e-004	2.184392e+000
1.422251108991069e-004	1.795072e+000
1.442251108991072e-004	1.378184e+000
1.462251108991074e-004	9.406555e-001
1.482251108991077e-004	4.910274e-001
1.495720640859542e-004	1.868620e-001
1.498672604581166e-004	1.222357e-001
1.500758273599353e-004	7.862344e-002
1.502329541254264e-004	4.815641e-002
1.503492054028052e-004	2.814461e-002
1.504426053308989e-004	1.450499e-002
1.505152709879356e-004	5.814739e-003
1.505772792948362e-004	-3.495569e-004
1.506333275094578e-004	-5.514837e-003
1.506879293174685e-004	-1.130184e-002
1.507443379210275e-004	-2.096084e-002
1.507727654609416e-004	-3.654826e-002
1.507904851650900e-004	-6.437518e-002
1.508142784034713e-004	-1.209570e-001
1.508247178491351e-004	-1.416865e-001
1.508396445392569e-004	-1.598077e-001
1.508547735470951e-004	-1.709547e-001
1.508738771430866e-004	-1.784773e-001
1.509021044682150e-004	-1.838443e-001
1.509361753905970e-004	-1.869931e-001
1.509873532212162e-004	-1.904761e-001
1.510526979803216e-004	-1.961652e-001
1.511555004154418e-004	-2.086403e-001
1.512993236936835e-004	-2.323377e-001
1.515438968324005e-004	-2.827524e-001
1.519127882233812e-004	-3.669072e-001
1.525069275523927e-004	-5.052580e-001
1.531252768693838e-004	-6.482084e-001
1.543619755033643e-004	-9.292099e-001
1.563619755033645e-004	-1.370364e+000
1.583619755033648e-004	-1.790524e+000
1.603619755033651e-004	-2.181916e+000
1.623619755033653e-004	-2.538607e+000
1.643619755033656e-004	-2.855247e+000
1.663619755033659e-004	-3.127084e+000
1.683619755033661e-004	-3.350074e+000
1.703619755033664e-004	-3.520896e+000
1.723619755033667e-004	-3.636981e+000
1.743619755033669e-004	-3.697255e+000
1.762627507519640e-004	-3.700502e+000
1.782627507519643e-004	-3.646803e+000
1.802627507519646e-004	-3.536553e+000
1.822627507519648e-004	-3.370454e+000
1.842627507519651e-004	-3.150817e+000
1.862627507519653e-004	-2.880860e+000
1.882627507519656e-004	-2.564677e+000
1.902627507519659e-004	-2.207196e+000
1.922627507519661e-004	-1.814113e+000
1.942627507519664e-004	-1.391830e+000
1.962627507519667e-004	-9.477351e-001
1.982627507519669e-004	-4.911008e-001
2.002627507519672e-004	-2.706509e-002
2.018666744388678e-004	3.482184e-001
2.035855154329004e-004	7.453428e-001
2.055855154329007e-004	1.193987e+000
2.075855154329009e-004	1.623795e+000
2.095855154329012e-004	2.027744e+000
2.115855154329015e-004	2.399562e+000
2.135855154329017e-004	2.733282e+000
2.155855154329020e-004	3.023675e+000
2.175855154329023e-004	3.266139e+000
2.195855154329025e-004	3.456838e+000
2.215855154329028e-004	3.592761e+000
2.235855154329031e-004	3.671782e+000
2.255855154329033e-004	3.693640e+000
2.274533226493090e-004	3.660383e+000
2.294533226493093e-004	3.567888e+000
2.314533226493096e-004	3.420013e+000
2.334533226493098e-004	3.218206e+000
2.354533226493101e-004	2.965748e+000
2.374533226493104e-004	2.666729e+000
2.394533226493106e-004	2.325986e+000
2.414533226493109e-004	1.949035e+000
2.434533226493112e-004	1.541992e+000
2.454533226493114e-004	1.111565e+000
2.474533226493117e-004	6.654537e-001
2.494533226493120e-004	2.124819e-001
2.496467010059452e-004	1.696009e-001
2.500334577192134e-004	8.753656e-002
2.502300862769515e-004	4.875174e-002
2.503517872049568e-004	2.771316e-002
2.504452260683136e-004	1.415333e-002
2.505184536902259e-004	5.469165e-003
2.505798183301995e-004	-5.864633e-004
2.506360872948834e-004	-5.773610e-003
2.506905764234953e-004	-1.166550e-002
2.507480340998274e-004	-2.242392e-002
2.507745856282079e-004	-3.960939e-002
2.507924838506797e-004	-6.983026e-002
2.508145836074439e-004	-1.222892e-001
2.508253323844252e-004	-1.428674e-001
2.508403021619123e-004	-1.601656e-001
2.508561878091977e-004	-1.712102e-001
2.508763258290327e-004	-1.786244e-001
2.509050737606339e-004	-1.836973e-001
2.509411397706909e-004	-1.868856e-001
2.509936750406949e-004	-1.906070e-001
2.510629192808891e-004	-1.969588e-001
2.511693971951994e-004	-2.104811e-001
2.513236099530459e-004	-2.367939e-001
2.515798355585807e-004	-2.906373e-001
2.519833073516328e-004	-3.832096e-001
2.526872194199142e-004	-5.469375e-001
2.533390277482932e-004	-6.972402e-001
2.546426444050495e-004	-9.923002e-001
2.566426444050498e-004	-1.430721e+000
2.586426444050501e-004	-1.847223e+000
2.606426444050503e-004	-2.234097e+000
2.626426444050506e-004	-2.585473e+000
2.646426444050509e-004	-2.896098e+000
2.666426444050511e-004	-3.161306e+000
2.686426444050514e-004	-3.377160e+000
2.706426444050517e-004	-3.540443e+000
2.726426444050519e-004	-3.650666e+000
2.743671586814423e-004	-3.699144e+000
2.762646798385206e-004	-3.700399e+000
2.782646798385208e-004	-3.646622e+000
2.802646798385211e-004	-3.536319e+000
2.822646798385214e-004	-3.370166e+000
2.842646798385216e-004	-3.150480e+000
2.862646798385219e-004	-2.880475e+000
2.882646798385222e-004	-2.564250e+000
2.902646798385224e-004	-2.206732e+000
2.922646798385227e-004	-1.813610e+000
2.942646798385230e-004	-1.391312e+000
2.962646798385232e-004	-9.471986e-001
2.982646798385235e-004	-4.905592e-001
3.002646798385238e-004	-2.653180e-002
3.018547860663152e-004	3.455671e-001
3.035627898100232e-004	7.402708e-001
3.055627898100235e-004	1.189078e+000
3.075627898100238e-004	1.619144e+000
3.095627898100240e-004	2.023422e+000
3.115627898100243e-004	2.395641e+000
3.135627898100245e-004	2.729823e+000
3.155627898100248e-004	3.020737e+000
3.175627898100251e-004	3.263768e+000
3.195627898100253e-004	3.455073e+000
3.215627898100256e-004	3.591633e+000
3.235627898100259e-004	3.671309e+000
3.255627898100261e-004	3.693936e+000
3.274163273880373e-004	3.661739e+000
3.294163273880376e-004	3.570199e+000
3.314163273880379e-004	3.423347e+000
3.334163273880381e-004	3.222510e+000
3.354163273880384e-004	2.970954e+000
3.374163273880387e-004	2.672754e+000
3.394163273880389e-004	2.332735e+000
3.414163273880392e-004	1.956400e+000
3.434163273880395e-004	1.549855e+000
3.454163273880397e-004	1.119795e+000
3.474163273880400e-004	6.738811e-001
3.494163273880403e-004	2.209158e-001
3.496249171111021e-004	1.746057e-001
3.500420965572276e-004	8.607057e-002
3.502545183695967e-004	4.459825e-002
3.503844047001593e-004	2.278291e-002
3.504675918300625e-004	1.133466e-002
3.505394538808482e-004	3.338769e-003
3.505998798660412e-004	-2.400952e-003
3.506555441253004e-004	-7.656330e-003
3.507101088441045e-004	-1.558758e-002
3.507743231272922e-004	-4.304924e-002
3.507968884778941e-004	-7.564231e-002
3.508273529596508e-004	-1.424060e-001
3.508398679623360e-004	-1.615930e-001
3.508568056344013e-004	-1.736273e-001
3.508750479532617e-004	-1.805952e-001
3.508976674884683e-004	-1.845830e-001
3.509364677378654e-004	-1.876498e-001
3.509803227540187e-004	-1.903040e-001
3.510509800423931e-004	-1.959058e-001
3.511395675823877e-004	-2.061861e-001
3.512967574111781e-004	-2.314012e-001
3.515030157386148e-004	-2.732867e-001
3.519117166499684e-004	-3.665008e-001
3.525297813001902e-004	-5.103256e-001
3.531266311717993e-004	-6.483201e-001
3.543203309150159e-004	-9.196945e-001
3.563203309150161e-004	-1.361148e+000
3.583203309150164e-004	-1.781845e+000
3.603203309150167e-004	-2.173906e+000
3.623203309150169e-004	-2.531368e+000
3.643203309150172e-004	-2.848896e+000
3.663203309150175e-004	-3.121708e+000
3.683203309150177e-004	-3.345752e+000
3.703203309150180e-004	-3.517693e+000
3.723203309150183e-004	-3.634948e+000
3.743203309150185e-004	-3.696218e+000
3.762472498058476e-004	-3.700298e+000
3.782472498058478e-004	-3.647235e+000
3.802472498058481e-004	-3.537425e+000
3.822472498058484e-004	-3.371750e+000
3.842472498058486e-004	-3.152517e+000
3.862472498058489e-004	-2.882935e+000
3.882472498058492e-004	-2.567093e+000
3.902472498058494e-004	-2.209910e+000
3.922472498058497e-004	-1.817072e+000
3.942472498058500e-004	-1.395000e+000
3.962472498058502e-004	-9.510365e-001
3.982472498058505e-004	-4.944831e-001
4.002472498058508e-004	-3.046252e-002
4.022472498058510e-004	4.364755e-001
4.042472498058513e-004	8.954815e-001
4.062472498058516e-004	1.338798e+000
4.082472498058518e-004	1.760876e+000
4.102472498058521e-004	2.154859e+000
4.122472498058524e-004	2.514663e+000
4.142472498058526e-004	2.834597e+000
4.162472498058529e-004	3.109607e+000
4.182472498058532e-004	3.335328e+000
4.202472498058534e-004	3.508197e+000
4.222472498058537e-004	3.625482e+000
4.242472498058540e-004	3.685560e+000
4.262200403855592e-004	3.687479e+000
4.282200403855595e-004	3.631304e+000
4.302200403855597e-004	3.517944e+000
4.322200403855600e-004	3.349061e+000
4.342200403855603e-004	3.127403e+000
4.362200403855605e-004	2.856569e+000
4.382200403855608e-004	2.540945e+000
4.402200403855611e-004	2.185634e+000
4.422200403855613e-004	1.796391e+000
4.442200403855616e-004	1.379565e+000
4.462200403855619e-004	9.420794e-001
4.482200403855621e-004	4.924684e-001
4.495852530018527e-004	1.842419e-001
4.498828892772512e-004	1.191514e-001
4.500826101757338e-004	7.752138e-002
4.502434255090893e-004	4.647487e-002
4.503542418132257e-004	2.753775e-002
4.504488367275180e-004	1.386758e-002
4.505199250396108e-004	5.445330e-003
4.505813529420387e-004	-6.089643e-004
4.506378528662067e-004	-5.823488e-003
4.506922424864293e-004	-1.170436e-002
4.507494062937559e-004	-2.224775e-002
4.507761611077833e-004	-3.906099e-002
4.507938781824501e-004	-6.873625e-002
4.508161478072991e-004	-1.221391e-001
4.508266077160317e-004	-1.425617e-001
4.508415022096979e-004	-1.602210e-001
4.508569247669760e-004	-1.712854e-001
4.508766372831232e-004	-1.788060e-001
4.509048459199125e-004	-1.839777e-001
4.509399741610565e-004	-1.871303e-001
4.509914540001062e-004	-1.906749e-001
4.510587557978660e-004	-1.966485e-001
4.511625971960927e-004	-2.094847e-001
4.513116668991932e-004	-2.344109e-001
4.515595798638954e-004	-2.859385e-001
4.519446120763368e-004	-3.740207e-001
4.525622957766186e-004	-5.177759e-001
4.531987413027086e-004	-6.647677e-001
4.544716323548886e-004	-9.536328e-001
4.564716323548889e-004	-1.393747e+000
4.584716323548892e-004	-1.812482e+000
4.604716323548894e-004	-2.202119e+000
4.624716323548897e-004	-2.556754e+000
4.644716323548900e-004	-2.871050e+000
4.664716323548902e-004	-3.140306e+000
4.684716323548905e-004	-3.360515e+000
4.704716323548908e-004	-3.528405e+000
4.724716323548910e-004	-3.641440e+000
4.744716323548913e-004	-3.699069e+000
4.763035545593593e-004	-3.700197e+000
4.783035545593596e-004	-3.644813e+000
4.803035545593599e-004	-3.533409e+000
4.823035545593601e-004	-3.366193e+000
4.843035545593604e-004	-3.145497e+000
4.863035545593607e-004	-2.874556e+000
4.883035545593609e-004	-2.557481e+000
4.903035545593612e-004	-2.199212e+000
4.923035545593615e-004	-1.805474e+000
4.943035545593617e-004	-1.382654e+000
4.963035545593620e-004	-9.382378e-001
4.983035545593623e-004	-4.815593e-001
5.000000000000004e-004	-9.050501e-002
