Freq.	V(vout)
2.00000000000000e+001	-7.19146267249047e+000
2.04658598456151e+001	-7.01014031911768e+000
2.09425709610180e+001	-6.83227703790834e+000
2.14303861047521e+001	-6.65792900721803e+000
2.19295639228637e+001	-6.48714698451101e+000
2.24403690860393e+001	-6.31997618579921e+000
2.29630724299377e+001	-6.15645618828484e+000
2.34979510987906e+001	-5.99662085657811e+000
2.40452886923483e+001	-5.84049829273315e+000
2.46053754162476e+001	-5.68811081015443e+000
2.51785082358833e+001	-5.53947493132330e+000
2.57649910338627e+001	-5.39460140909556e+000
2.63651347711281e+001	-5.25349527119932e+000
2.69792576518331e+001	-5.11615588740981e+000
2.76076852920577e+001	-4.98257705872879e+000
2.82507508924551e+001	-4.85274712777329e+000
2.89087954149185e+001	-4.72664910944217e+000
2.95821677633641e+001	-4.60426084081540e+000
3.02712249687242e+001	-4.48555514912839e+000
3.09763323782496e+001	-4.37050003656019e+000
3.16978638492223e+001	-4.25905888049509e+000
3.24362019471786e+001	-4.15119064783204e+000
3.31917381487512e+001	-4.04685012185259e+000
3.39648730492349e+001	-3.94598814010649e+000
3.47560165749875e+001	-3.84855184173936e+000
3.55655882007784e+001	-3.75448492264590e+000
3.63940171721997e+001	-3.66372789684004e+000
3.72417427332573e+001	-3.57621836241000e+000
3.81092143592649e+001	-3.49189127046246e+000
3.89968919951609e+001	-3.41067919546304e+000
3.99052462993776e+001	-3.33251260543362e+000
4.08347588933906e+001	-3.25732013051895e+000
4.17859226170808e+001	-3.18502882847402e+000
4.27592417900446e+001	-3.11556444572802e+000
4.37552324789910e+001	-3.04885167272752e+000
4.47744227713668e+001	-2.98481439238075e+000
4.58173530553554e+001	-2.92337592050035e+000
4.68845763063984e+001	-2.86445923725219e+000
4.79766583803898e+001	-2.80798720873805e+000
4.90941783137006e+001	-2.75388279792260e+000
5.02377286301916e+001	-2.70206926426946e+000
5.14079156553772e+001	-2.65247035152394e+000
5.26053598379076e+001	-2.60501046323146e+000
5.38306960785383e+001	-2.55961482567461e+000
5.50845740667633e+001	-2.51620963802704e+000
5.63676586252890e+001	-2.47472220962499e+000
5.76806300625321e+001	-2.43508108437927e+000
5.90241845333277e+001	-2.39721615241300e+000
6.03990344080403e+001	-2.36105874913113e+000
6.18059086502718e+001	-2.32654174199438e+000
6.32455532033675e+001	-2.29359960534500e+000
6.47187313859256e+001	-2.26216848369370e+000
6.62262242965182e+001	-2.23218624395540e+000
6.77688312278404e+001	-2.20359251713510e+000
6.93473700905062e+001	-2.17632873003302e+000
7.09626778467150e+001	-2.15033812755760e+000
7.26156109540202e+001	-2.12556578626201e+000
7.43070458194344e+001	-2.10195861972189e+000
7.60378792641121e+001	-2.07946537640454e+000
7.78090289988560e+001	-2.05803663065426e+000
7.96214341106993e+001	-2.03762476743051e+000
8.14760555608224e+001	-2.01818396141736e+000
8.33738766940670e+001	-1.99967015111226e+000
8.53159037603184e+001	-1.98204100847302e+000
8.73031664480331e+001	-1.96525590468914e+000
8.93367184301925e+001	-1.94927587261132e+000
9.14176379229749e+001	-1.93406356634392e+000
9.35470282574395e+001	-1.91958321847820e+000
9.57260184645275e+001	-1.90580059541359e+000
9.79557638736891e+001	-1.89268295117118e+000
1.00237446725454e+002	-1.88019898009244e+000
1.02572276798273e+002	-1.86831876876158e+000
1.04961492049954e+002	-1.85701374747508e+000
1.07406359274050e+002	-1.84625664153831e+000
1.09908174771525e+002	-1.83602142265816e+000
1.12468265038070e+002	-1.82628326064648e+000
1.15087987467431e+002	-1.81701847564441e+000
1.17768731071118e+002	-1.80820449104721e+000
1.20511917214871e+002	-1.79981978727213e+000
1.23319000372296e+002	-1.79184385651077e+000
1.26191468896038e+002	-1.78425715857288e+000
1.29130845806931e+002	-1.77704107790689e+000
1.32138689601519e+002	-1.77017788188381e+000
1.35216595078396e+002	-1.76365068039197e+000
1.38366194183787e+002	-1.75744338679526e+000
1.41589156876827e+002	-1.75154068027996e+000
1.44887192014998e+002	-1.74592796961388e+000
1.48262048260183e+002	-1.74059135833035e+000
1.51715515005836e+002	-1.73551761133043e+000
1.55249423325738e+002	-1.73069412290342e+000
1.58865646944856e+002	-1.72610888614602e+000
1.62566103232819e+002	-1.72175046376324e+000
1.66352754220534e+002	-1.71760796022238e+000
1.70227607640475e+002	-1.71367099523143e+000
1.74192717991216e+002	-1.70992967850648e+000
1.78250187626749e+002	-1.70637458578873e+000
1.82402167871181e+002	-1.70299673607499e+000
1.86650860159398e+002	-1.69978757001220e+000
1.90998517204287e+002	-1.69673892941638e+000
1.95447444191162e+002	-1.69384303787027e+000
1.99999999999999e+002	-1.69109248234732e+000
2.04658598456150e+002	-1.68848019581969e+000
2.09425709610179e+002	-1.68599944080235e+000
2.14303861047521e+002	-1.68364379378237e+000
2.19295639228636e+002	-1.68140713048613e+000
2.24403690860392e+002	-1.67928361194594e+000
2.29630724299376e+002	-1.67726767130799e+000
2.34979510987905e+002	-1.67535400134607e+000
2.40452886923482e+002	-1.67353754263612e+000
2.46053754162476e+002	-1.67181347234892e+000
2.51785082358833e+002	-1.67017719362107e+000
2.57649910338626e+002	-1.66862432546495e+000
2.63651347711281e+002	-1.66715069318768e+000
2.69792576518330e+002	-1.66575231927581e+000
2.76076852920576e+002	-1.66442541472281e+000
2.82507508924550e+002	-1.66316637076160e+000
2.89087954149185e+002	-1.66197175097883e+000
2.95821677633641e+002	-1.66083828378606e+000
3.02712249687241e+002	-1.65976285522128e+000
3.09763323782495e+002	-1.65874250205751e+000
3.16978638492222e+002	-1.65777440520814e+000
3.24362019471785e+002	-1.65685588339778e+000
3.31917381487511e+002	-1.65598438709184e+000
3.39648730492348e+002	-1.65515749267074e+000
3.47560165749874e+002	-1.65437289682741e+000
3.55655882007783e+002	-1.65362841118428e+000
3.63940171721995e+002	-1.65292195711906e+000
3.72417427332572e+002	-1.65225156078576e+000
3.81092143592648e+002	-1.65161534832411e+000
3.89968919951608e+002	-1.65101154125059e+000
3.99052462993775e+002	-1.65043845203063e+000
4.08347588933904e+002	-1.64989447981089e+000
4.17859226170806e+002	-1.64937810632357e+000
4.27592417900445e+002	-1.64888789194313e+000
4.37552324789909e+002	-1.64842247190360e+000
4.47744227713666e+002	-1.64798055266149e+000
4.58173530553553e+002	-1.64756090840781e+000
4.68845763063983e+002	-1.64716237771826e+000
4.79766583803896e+002	-1.64678386034904e+000
4.90941783137004e+002	-1.64642431416038e+000
5.02377286301914e+002	-1.64608275217421e+000
5.14079156553771e+002	-1.64575823976204e+000
5.26053598379074e+002	-1.64544989195260e+000
5.38306960785381e+002	-1.64515687086309e+000
5.50845740667631e+002	-1.64487838324725e+000
5.63676586252888e+002	-1.64461367815440e+000
5.76806300625319e+002	-1.64436204470324e+000
5.90241845333275e+002	-1.64412280995669e+000
6.03990344080401e+002	-1.64389533690052e+000
6.18059086502716e+002	-1.64367902252527e+000
6.32455532033673e+002	-1.64347329599717e+000
6.47187313859254e+002	-1.64327761692567e+000
6.62262242965179e+002	-1.64309147371623e+000
6.77688312278402e+002	-1.64291438200835e+000
6.93473700905060e+002	-1.64274588319676e+000
7.09626778467148e+002	-1.64258554302580e+000
7.26156109540200e+002	-1.64243295026197e+000
7.43070458194342e+002	-1.64228771543697e+000
7.60378792641119e+002	-1.64214946965497e+000
7.78090289988558e+002	-1.64201786346863e+000
7.96214341106991e+002	-1.64189256581284e+000
8.14760555608222e+002	-1.64177326300041e+000
8.33738766940667e+002	-1.64165965776884e+000
8.53159037603181e+002	-1.64155146838414e+000
8.73031664480328e+002	-1.64144842779085e+000
8.93367184301922e+002	-1.64135028281214e+000
9.14176379229746e+002	-1.64125679339365e+000
9.35470282574392e+002	-1.64116773188835e+000
9.57260184645272e+002	-1.64108288238522e+000
9.79557638736888e+002	-1.64100204007113e+000
1.00237446725454e+003	-1.64092501063362e+000
1.02572276798272e+003	-1.64085160969347e+000
1.04961492049954e+003	-1.64078166227035e+000
1.07406359274050e+003	-1.64071500228100e+000
1.09908174771524e+003	-1.64065147206280e+000
1.12468265038069e+003	-1.64059092192525e+000
1.15087987467431e+003	-1.64053320972691e+000
1.17768731071117e+003	-1.64047820047917e+000
1.20511917214871e+003	-1.64042576596379e+000
1.23319000372296e+003	-1.64037578438319e+000
1.26191468896038e+003	-1.64032814002247e+000
1.29130845806930e+003	-1.64028272293268e+000
1.32138689601518e+003	-1.64023942863265e+000
1.35216595078396e+003	-1.64019815782649e+000
1.38366194183787e+003	-1.64015881613657e+000
1.41589156876827e+003	-1.64012131385410e+000
1.44887192014997e+003	-1.64008556569768e+000
1.48262048260183e+003	-1.64005149059318e+000
1.51715515005836e+003	-1.64001901145866e+000
1.55249423325738e+003	-1.63998805500559e+000
1.58865646944855e+003	-1.63995855154746e+000
1.62566103232819e+003	-1.63993043482317e+000
1.66352754220533e+003	-1.63990364182803e+000
1.70227607640474e+003	-1.63987811264974e+000
1.74192717991215e+003	-1.63985379032269e+000
1.78250187626748e+003	-1.63983062068157e+000
1.82402167871181e+003	-1.63980855222663e+000
1.86650860159397e+003	-1.63978753599633e+000
1.90998517204286e+003	-1.63976752544645e+000
1.95447444191161e+003	-1.63974847633564e+000
1.99999999999999e+003	-1.63973034661664e+000
2.04658598456150e+003	-1.63971309633498e+000
2.09425709610179e+003	-1.63969668752972e+000
2.14303861047520e+003	-1.63968108414643e+000
2.19295639228636e+003	-1.63966625194701e+000
2.24403690860391e+003	-1.63965215842757e+000
2.29630724299375e+003	-1.63963877274319e+000
2.34979510987905e+003	-1.63962606563419e+000
2.40452886923481e+003	-1.63961400935613e+000
2.46053754162475e+003	-1.63960257761505e+000
2.51785082358832e+003	-1.63959174550610e+000
2.57649910338625e+003	-1.63958148945413e+000
2.63651347711280e+003	-1.63957178716091e+000
2.69792576518329e+003	-1.63956261755128e+000
2.76076852920575e+003	-1.63955396072514e+000
2.82507508924549e+003	-1.63954579791247e+000
2.89087954149184e+003	-1.63953811142908e+000
2.95821677633640e+003	-1.63953088463536e+000
3.02712249687240e+003	-1.63952410189985e+000
3.09763323782494e+003	-1.63951774856267e+000
3.16978638492221e+003	-1.63951181090320e+000
3.24362019471784e+003	-1.63950627610664e+000
3.31917381487510e+003	-1.63950113223738e+000
3.39648730492347e+003	-1.63949636821134e+000
3.47560165749873e+003	-1.63949197377002e+000
3.55655882007782e+003	-1.63948793945986e+000
3.63940171721994e+003	-1.63948425660751e+000
3.72417427332571e+003	-1.63948091730320e+000
3.81092143592647e+003	-1.63947791438385e+000
3.89968919951606e+003	-1.63947524141337e+000
3.99052462993773e+003	-1.63947289267332e+000
4.08347588933903e+003	-1.63947086314551e+000
4.17859226170805e+003	-1.63946914850567e+000
4.27592417900444e+003	-1.63946774511076e+000
4.37552324789908e+003	-1.63946664999276e+000
4.47744227713665e+003	-1.63946586085184e+000
4.58173530553552e+003	-1.63946537605263e+000
4.68845763063981e+003	-1.63946519461880e+000
4.79766583803895e+003	-1.63946531623467e+000
4.90941783137003e+003	-1.63946574124285e+000
5.02377286301913e+003	-1.63946647064591e+000
5.14079156553769e+003	-1.63946750611049e+000
5.26053598379073e+003	-1.63946884997072e+000
5.38306960785379e+003	-1.63947050523471e+000
5.50845740667629e+003	-1.63947247559226e+000
5.63676586252887e+003	-1.63947476542482e+000
5.76806300625317e+003	-1.63947737981488e+000
5.90241845333273e+003	-1.63948032456112e+000
6.03990344080399e+003	-1.63948360618981e+000
6.18059086502713e+003	-1.63948723197345e+000
6.32455532033671e+003	-1.63949120994834e+000
6.47187313859252e+003	-1.63949554893405e+000
6.62262242965177e+003	-1.63950025855554e+000
6.77688312278400e+003	-1.63950534926619e+000
6.93473700905058e+003	-1.63951083237697e+000
7.09626778467146e+003	-1.63951672008011e+000
7.26156109540197e+003	-1.63952302548431e+000
7.43070458194339e+003	-1.63952976264512e+000
7.60378792641117e+003	-1.63953694660060e+000
7.78090289988555e+003	-1.63954459341053e+000
7.96214341106988e+003	-1.63955272019657e+000
8.14760555608219e+003	-1.63956134518740e+000
8.33738766940664e+003	-1.63957048776422e+000
8.53159037603179e+003	-1.63958016851262e+000
8.73031664480325e+003	-1.63959040927317e+000
8.93367184301919e+003	-1.63960123320396e+000
9.14176379229743e+003	-1.63961266483717e+000
9.35470282574389e+003	-1.63962473014648e+000
9.57260184645269e+003	-1.63963745661670e+000
9.79557638736884e+003	-1.63965087331721e+000
1.00237446725454e+004	-1.63966501098123e+000
1.02572276798272e+004	-1.63967990209226e+000
1.04961492049954e+004	-1.63969558097036e+000
1.07406359274050e+004	-1.63971208387039e+000
1.09908174771524e+004	-1.63972944908422e+000
1.12468265038069e+004	-1.63974771704823e+000
1.15087987467430e+004	-1.63976693046059e+000
1.17768731071117e+004	-1.63978713440474e+000
1.20511917214871e+004	-1.63980837647986e+000
1.23319000372295e+004	-1.63983070694487e+000
1.26191468896038e+004	-1.63985417886523e+000
1.29130845806930e+004	-1.63987884827621e+000
1.32138689601518e+004	-1.63990477435167e+000
1.35216595078395e+004	-1.63993201958788e+000
1.38366194183786e+004	-1.63996065000018e+000
1.41589156876826e+004	-1.63999073533064e+000
1.44887192014997e+004	-1.64002234926882e+000
1.48262048260182e+004	-1.64005556969702e+000
1.51715515005835e+004	-1.64009047893959e+000
1.55249423325737e+004	-1.64012716403795e+000
1.58865646944855e+004	-1.64016571704721e+000
1.62566103232818e+004	-1.64020623534408e+000
1.66352754220533e+004	-1.64024882196799e+000
1.70227607640474e+004	-1.64029358597935e+000
1.74192717991215e+004	-1.64034064284755e+000
1.78250187626748e+004	-1.64039011486505e+000
1.82402167871180e+004	-1.64044213159326e+000
1.86650860159397e+004	-1.64049683034125e+000
1.90998517204286e+004	-1.64055435668044e+000
1.95447444191160e+004	-1.64061486499598e+000
2.00000000000000e+004	-1.64067851908332e+000
2.00000000000000e+001	-1.25160250544710e+000
2.04658598456151e+001	-1.07028099924879e+000
2.09425709610180e+001	-8.92418501551584e-001
2.14303861047521e+001	-7.18071193773126e-001
2.19295639228637e+001	-5.47289836339856e-001
2.24403690860393e+001	-3.80119648127829e-001
2.29630724299377e+001	-2.16600209110629e-001
2.34979510987906e+001	-5.67653865788200e-002
2.40452886923483e+001	9.93567148212384e-002
2.46053754162476e+001	2.51743779177664e-001
2.51785082358833e+001	4.00379281585856e-001
2.57649910338627e+001	5.45252466847790e-001
2.63651347711281e+001	6.86358304972951e-001
2.69792576518331e+001	8.23697424002337e-001
2.76076852920577e+001	9.57276020826807e-001
2.82507508924551e+001	1.08710575079903e+000
2.89087954149185e+001	1.21320359706285e+000
2.95821677633641e+001	1.33559172065537e+000
3.02712249687242e+001	1.45429729253127e+000
3.09763323782496e+001	1.56935230877254e+000
3.16978638492223e+001	1.68079339032755e+000
3.24362019471786e+001	1.78866156869961e+000
3.31917381487512e+001	1.89300205907856e+000
3.39648730492349e+001	1.99386402245462e+000
3.47560165749875e+001	2.09130031828808e+000
3.55655882007784e+001	2.18536724935702e+000
3.63940171721997e+001	2.27612430038488e+000
3.72417427332573e+001	2.36363387208476e+000
3.81092143592649e+001	2.44796101221371e+000
3.89968919951609e+001	2.52917314523137e+000
3.99052462993776e+001	2.60733980210010e+000
4.08347588933906e+001	2.68253235171861e+000
4.17859226170808e+001	2.75482373543047e+000
4.27592417900446e+001	2.82428820596233e+000
4.37552324789910e+001	2.89100107207517e+000
4.47744227713668e+001	2.95503845012122e+000
4.58173530553554e+001	3.01647702359650e+000
4.68845763063984e+001	3.07539381169359e+000
4.79766583803898e+001	3.13186594771496e+000
4.90941783137006e+001	3.18597046814391e+000
5.02377286301916e+001	3.23778411300706e+000
5.14079156553772e+001	3.28738313809115e+000
5.26053598379076e+001	3.33484313942044e+000
5.38306960785383e+001	3.38023889031803e+000
5.50845740667633e+001	3.42364419125267e+000
5.63676586252890e+001	3.46513173256138e+000
5.76806300625321e+001	3.50477297004001e+000
5.90241845333277e+001	3.54263801329906e+000
6.03990344080403e+001	3.57879552669577e+000
6.18059086502718e+001	3.61331264255819e+000
6.32455532033675e+001	3.64625488635647e+000
6.47187313859256e+001	3.67768611341374e+000
6.62262242965182e+001	3.70766845667210e+000
6.77688312278404e+001	3.73626228500112e+000
6.93473700905062e+001	3.76352617149498e+000
7.09626778467150e+001	3.78951687115470e+000
7.26156109540202e+001	3.81428930735348e+000
7.43070458194344e+001	3.83789656645521e+000
7.60378792641121e+001	3.86038989994520e+000
7.78090289988560e+001	3.88181873344482e+000
7.96214341106993e+001	3.90223068196972e+000
8.14760555608224e+001	3.92167157082137e+000
8.33738766940670e+001	3.94018546149694e+000
8.53159037603184e+001	3.95781468204108e+000
8.73031664480331e+001	3.97459986127380e+000
8.93367184301925e+001	3.99057996636089e+000
9.14176379229749e+001	4.00579234321980e+000
9.35470282574395e+001	4.02027275928640e+000
9.57260184645275e+001	4.03405544819307e+000
9.79557638736891e+001	4.04717315595449e+000
1.00237446725454e+002	4.05965718826764e+000
1.02572276798273e+002	4.07153745859039e+000
1.04961492049954e+002	4.08284253667165e+000
1.07406359274050e+002	4.09359969725146e+000
1.09908174771525e+002	4.10383496867169e+000
1.12468265038070e+002	4.11357318117095e+000
1.15087987467431e+002	4.12283801465820e+000
1.17768731071118e+002	4.13165204579072e+000
1.20511917214871e+002	4.14003679420331e+000
1.23319000372296e+002	4.14801276775743e+000
1.26191468896038e+002	4.15559950669638e+000
1.29130845806931e+002	4.16281562662465e+000
1.32138689601519e+002	4.16967886022404e+000
1.35216595078396e+002	4.17620609765927e+000
1.38366194183787e+002	4.18241342561884e+000
1.41589156876827e+002	4.18831616496858e+000
1.44887192014998e+002	4.19392890699134e+000
1.48262048260183e+002	4.19926554820426e+000
1.51715515005836e+002	4.20433932375679e+000
1.55249423325738e+002	4.20916283940825e+000
1.58865646944856e+002	4.21374810211022e+000
1.62566103232819e+002	4.21810654920519e+000
1.66352754220534e+002	4.22224907627171e+000
1.70227607640475e+002	4.22618606364778e+000
1.74192717991216e+002	4.22992740166184e+000
1.78250187626749e+002	4.23348251461525e+000
1.82402167871181e+002	4.23686038355412e+000
1.86650860159398e+002	4.24006956787332e+000
1.90998517204287e+002	4.24311822579620e+000
1.95447444191162e+002	4.24601413378007e+000
1.99999999999999e+002	4.24876470488900e+000
2.04658598456150e+002	4.25137700618825e+000
2.09425709610179e+002	4.25385777519919e+000
2.14303861047521e+002	4.25621343546938e+000
2.19295639228636e+002	4.25845011130623e+000
2.24403690860392e+002	4.26057364171064e+000
2.29630724299376e+002	4.26258959356831e+000
2.34979510987905e+002	4.26450327413619e+000
2.40452886923482e+002	4.26631974286767e+000
2.46053754162476e+002	4.26804382262150e+000
2.51785082358833e+002	4.26968011028830e+000
2.57649910338626e+002	4.27123298688276e+000
2.63651347711281e+002	4.27270662712295e+000
2.69792576518330e+002	4.27410500854790e+000
2.76076852920576e+002	4.27543192018736e+000
2.82507508924550e+002	4.27669097083175e+000
2.89087954149185e+002	4.27788559691657e+000
2.95821677633641e+002	4.27901907005113e+000
3.02712249687241e+002	4.28009450421742e+000
3.09763323782495e+002	4.28111486266241e+000
3.16978638492222e+002	4.28208296449063e+000
3.24362019471785e+002	4.28300149099546e+000
3.31917381487511e+002	4.28387299172866e+000
3.39648730492348e+002	4.28469989032588e+000
3.47560165749874e+002	4.28548449010949e+000
3.55655882007783e+002	4.28622897947189e+000
3.63940171721995e+002	4.28693543704892e+000
3.72417427332572e+002	4.28760583670068e+000
3.81092143592648e+002	4.28824205229989e+000
3.89968919951608e+002	4.28884586234168e+000
3.99052462993775e+002	4.28941895437269e+000
4.08347588933904e+002	4.28996292925696e+000
4.17859226170806e+002	4.29047930527276e+000
4.27592417900445e+002	4.29096952205547e+000
4.37552324789909e+002	4.29143494437983e+000
4.47744227713666e+002	4.29187686579946e+000
4.58173530553553e+002	4.29229651213060e+000
4.68845763063983e+002	4.29269504480621e+000
4.79766583803896e+002	4.29307356407770e+000
4.90941783137004e+002	4.29343311209212e+000
5.02377286301914e+002	4.29377467583410e+000
5.14079156553771e+002	4.29409918993879e+000
5.26053598379074e+002	4.29440753938423e+000
5.38306960785381e+002	4.29470056205867e+000
5.50845740667631e+002	4.29497905121439e+000
5.63676586252888e+002	4.29524375780754e+000
5.76806300625319e+002	4.29549539272442e+000
5.90241845333275e+002	4.29573462890742e+000
6.03990344080401e+002	4.29596210337568e+000
6.18059086502716e+002	4.29617841914278e+000
6.32455532033673e+002	4.29638414704764e+000
6.47187313859254e+002	4.29657982748498e+000
6.62262242965179e+002	4.29676597205334e+000
6.77688312278402e+002	4.29694306511778e+000
6.93473700905060e+002	4.29711156528716e+000
7.09626778467148e+002	4.29727190682179e+000
7.26156109540200e+002	4.29742450095803e+000
7.43070458194342e+002	4.29756973716883e+000
7.60378792641119e+002	4.29770798435398e+000
7.78090289988558e+002	4.29783959196397e+000
7.96214341106991e+002	4.29796489106788e+000
8.14760555608222e+002	4.29808419535697e+000
8.33738766940667e+002	4.29819780209690e+000
8.53159037603181e+002	4.29830599302577e+000
8.73031664480328e+002	4.29840903520299e+000
8.93367184301922e+002	4.29850718180899e+000
9.14176379229746e+002	4.29860067290227e+000
9.35470282574392e+002	4.29868973613367e+000
9.57260184645272e+002	4.29877458741856e+000
9.79557638736888e+002	4.29885543157355e+000
1.00237446725454e+003	4.29893246291599e+000
1.02572276798272e+003	4.29900586582923e+000
1.04961492049954e+003	4.29907581529763e+000
1.07406359274050e+003	4.29914247740982e+000
1.09908174771524e+003	4.29920600983252e+000
1.12468265038069e+003	4.29926656226175e+000
1.15087987467431e+003	4.29932427684321e+000
1.17768731071117e+003	4.29937928857152e+000
1.20511917214871e+003	4.29943172566996e+000
1.23319000372296e+003	4.29948170994147e+000
1.26191468896038e+003	4.29952935710715e+000
1.29130845806930e+003	4.29957477712224e+000
1.32138689601518e+003	4.29961807447360e+000
1.35216595078396e+003	4.29965934846467e+000
1.38366194183787e+003	4.29969869347856e+000
1.41589156876827e+003	4.29973619923268e+000
1.44887192014997e+003	4.29977195101476e+000
1.48262048260183e+003	4.29980602990744e+000
1.51715515005836e+003	4.29983851300021e+000
1.55249423325738e+003	4.29986947359019e+000
1.58865646944855e+003	4.29989898137290e+000
1.62566103232819e+003	4.29992710261853e+000
1.66352754220533e+003	4.29995390034163e+000
1.70227607640474e+003	4.29997943446434e+000
1.74192717991215e+003	4.30000376196306e+000
1.78250187626748e+003	4.30002693701362e+000
1.82402167871181e+003	4.30004901112781e+000
1.86650860159397e+003	4.30007003327880e+000
1.90998517204286e+003	4.30009005002377e+000
1.95447444191161e+003	4.30010910561683e+000
1.99999999999999e+003	4.30012724211918e+000
2.04658598456150e+003	4.30014449950011e+000
2.09425709610179e+003	4.30016091573502e+000
2.14303861047520e+003	4.30017652689435e+000
2.19295639228636e+003	4.30019136723290e+000
2.24403690860391e+003	4.30020546927142e+000
2.29630724299375e+003	4.30021886387358e+000
2.34979510987905e+003	4.30023158031725e+000
2.40452886923481e+003	4.30024364636707e+000
2.46053754162475e+003	4.30025508833762e+000
2.51785082358832e+003	4.30026593115556e+000
2.57649910338625e+003	4.30027619841901e+000
2.63651347711280e+003	4.30028591244963e+000
2.69792576518329e+003	4.30029509434756e+000
2.76076852920575e+003	4.30030376403880e+000
2.82507508924549e+003	4.30031194032093e+000
2.89087954149184e+003	4.30031964090684e+000
2.95821677633640e+003	4.30032688246566e+000
3.02712249687240e+003	4.30033368066065e+000
3.09763323782494e+003	4.30034005018422e+000
3.16978638492221e+003	4.30034600479097e+000
3.24362019471784e+003	4.30035155733278e+000
3.31917381487510e+003	4.30035671978159e+000
3.39648730492347e+003	4.30036150326165e+000
3.47560165749873e+003	4.30036591807232e+000
3.55655882007782e+003	4.30036997371133e+000
3.63940171721994e+003	4.30037367889613e+000
3.72417427332571e+003	4.30037704158426e+000
3.81092143592647e+003	4.30038006898886e+000
3.89968919951606e+003	4.30038276759727e+000
3.99052462993773e+003	4.30038514318311e+000
4.08347588933903e+003	4.30038720082075e+000
4.17859226170805e+003	4.30038894489455e+000
4.27592417900444e+003	4.30039037911024e+000
4.37552324789908e+003	4.30039150650032e+000
4.47744227713665e+003	4.30039232943412e+000
4.58173530553552e+003	4.30039284961853e+000
4.68845763063981e+003	4.30039306810462e+000
4.79766583803895e+003	4.30039298528699e+000
4.90941783137003e+003	4.30039260090485e+000
5.02377286301913e+003	4.30039191404256e+000
5.14079156553769e+003	4.30039092312327e+000
5.26053598379073e+003	4.30038962590767e+000
5.38306960785379e+003	4.30038801948664e+000
5.50845740667629e+003	4.30038610027387e+000
5.63676586252887e+003	4.30038386399640e+000
5.76806300625317e+003	4.30038130568590e+000
5.90241845333273e+003	4.30037841966268e+000
6.03990344080399e+003	4.30037519952453e+000
6.18059086502713e+003	4.30037163812969e+000
6.32455532033671e+003	4.30036772757905e+000
6.47187313859252e+003	4.30036345919591e+000
6.62262242965177e+003	4.30035882350508e+000
6.77688312278400e+003	4.30035381021035e+000
6.93473700905058e+003	4.30034840816513e+000
7.09626778467146e+003	4.30034260534926e+000
7.26156109540197e+003	4.30033638883398e+000
7.43070458194339e+003	4.30032974475303e+000
7.60378792641117e+003	4.30032265826595e+000
7.78090289988555e+003	4.30031511352034e+000
7.96214341106988e+003	4.30030709361021e+000
8.14760555608219e+003	4.30029858053480e+000
8.33738766940664e+003	4.30028955515065e+000
8.53159037603179e+003	4.30027999712110e+000
8.73031664480325e+003	4.30026988486633e+000
8.93367184301919e+003	4.30025919550097e+000
9.14176379229743e+003	4.30024790477900e+000
9.35470282574389e+003	4.30023598702646e+000
9.57260184645269e+003	4.30022341507212e+000
9.79557638736884e+003	4.30021016017526e+000
1.00237446725454e+004	4.30019619194575e+000
1.02572276798272e+004	4.30018147826116e+000
1.04961492049954e+004	4.30016598517862e+000
1.07406359274050e+004	4.30014967683812e+000
1.09908174771524e+004	4.30013251536196e+000
1.12468265038069e+004	4.30011446074689e+000
1.15087987467430e+004	4.30009547074880e+000
1.17768731071117e+004	4.30007550075925e+000
1.20511917214871e+004	4.30005450367732e+000
1.23319000372295e+004	4.30003242976552e+000
1.26191468896038e+004	4.30000922650442e+000
1.29130845806930e+004	4.29998483843079e+000
1.32138689601518e+004	4.29995920696980e+000
1.35216595078395e+004	4.29993227025259e+000
1.38366194183786e+004	4.29990396292121e+000
1.41589156876826e+004	4.29987421592217e+000
1.44887192014997e+004	4.29984295628620e+000
1.48262048260182e+004	4.29981010688694e+000
1.51715515005835e+004	4.29977558619135e+000
1.55249423325737e+004	4.29973930798547e+000
1.58865646944855e+004	4.29970118108300e+000
1.62566103232818e+004	4.29966110901647e+000
1.66352754220533e+004	4.29961898969800e+000
1.70227607640474e+004	4.29957471506581e+000
1.74192717991215e+004	4.29952817069439e+000
1.78250187626748e+004	4.29947923538729e+000
1.82402167871180e+004	4.29942778072883e+000
1.86650860159397e+004	4.29937367061188e+000
1.90998517204286e+004	4.29931676072388e+000
1.95447444191160e+004	4.29925689799722e+000
2.00000000000000e+004	4.29919392001925e+000
2.00000000000000e+001	4.69271238843836e+000
2.04658598456151e+001	4.87403230767681e+000
2.09425709610180e+001	5.05189333797192e+000
2.14303861047521e+001	5.22623929215360e+000
2.19295639228637e+001	5.39701940423204e+000
2.24403690860393e+001	5.56418844994925e+000
2.29630724299377e+001	5.72770684412535e+000
2.34979510987906e+001	5.88754071443360e+000
2.40452886923483e+001	6.04366195135702e+000
2.46053754162476e+001	6.19604823427281e+000
2.51785082358833e+001	6.34468303372256e+000
2.57649910338627e+001	6.48955559010704e+000
2.63651347711281e+001	6.63066086918487e+000
2.69792576518331e+001	6.76799949489287e+000
2.76076852920577e+001	6.90157766016189e+000
2.82507508924551e+001	7.03140701652743e+000
2.89087954149185e+001	7.15750454345695e+000
2.95821677633641e+001	7.27989239844736e+000
3.02712249687242e+001	7.39859774905237e+000
3.09763323782496e+001	7.51365258808586e+000
3.16978638492223e+001	7.62509353336195e+000
3.24362019471786e+001	7.73296161338176e+000
3.31917381487512e+001	7.83730204046103e+000
3.39648730492349e+001	7.93816397284516e+000
3.47560165749875e+001	8.03560026737588e+000
3.55655882007784e+001	8.12966722433616e+000
3.63940171721997e+001	8.22042432607667e+000
3.72417427332573e+001	8.30793397105741e+000
3.81092143592649e+001	8.39226120489995e+000
3.89968919951609e+001	8.47347345004364e+000
3.99052462993776e+001	8.55164023554232e+000
4.08347588933906e+001	8.62683292849652e+000
4.17859226170808e+001	8.69912446855819e+000
4.27592417900446e+001	8.76858910686519e+000
4.37552324789910e+001	8.83530215069101e+000
4.47744227713668e+001	8.89933971499656e+000
4.58173530553554e+001	8.96077848198246e+000
4.68845763063984e+001	9.01969546963369e+000
4.79766583803898e+001	9.07616781013371e+000
4.90941783137006e+001	9.13027253892948e+000
5.02377286301916e+001	9.18208639509206e+000
5.14079156553772e+001	9.23168563352681e+000
5.26053598379076e+001	9.27914584945137e+000
5.38306960785383e+001	9.32454181545011e+000
5.50845740667633e+001	9.36794733131845e+000
5.63676586252890e+001	9.40943508678286e+000
5.76806300625321e+001	9.44907653708585e+000
5.90241845333277e+001	9.48694179134110e+000
6.03990344080403e+001	9.52309951346047e+000
6.18059086502718e+001	9.55761683537407e+000
6.32455532033675e+001	9.59055928220132e+000
6.47187313859256e+001	9.62199070895597e+000
6.62262242965182e+001	9.65197324831066e+000
6.77688312278404e+001	9.68056726890256e+000
6.93473700905062e+001	9.70783134362658e+000
7.09626778467150e+001	9.73382222731686e+000
7.26156109540202e+001	9.75859484320765e+000
7.43070458194344e+001	9.78220227755182e+000
7.60378792641121e+001	9.80469578174787e+000
7.78090289988560e+001	9.82612478135182e+000
7.96214341106993e+001	9.84653689133456e+000
8.14760555608224e+001	9.86597793697273e+000
8.33738766940670e+001	9.88449197975352e+000
8.53159037603184e+001	9.90212134772824e+000
8.73031664480331e+001	9.91890666973564e+000
8.93367184301925e+001	9.93488691297403e+000
9.14176379229749e+001	9.95009942340304e+000
9.35470282574395e+001	9.96457996851079e+000
9.57260184645275e+001	9.97836278199060e+000
9.79557638736891e+001	9.99148060992469e+000
1.00237446725454e+002	1.00039647580852e+001
1.02572276798273e+002	1.00158451400092e+001
1.04961492049954e+002	1.00271503255305e+001
1.07406359274050e+002	1.00379075894785e+001
1.09908174771525e+002	1.00481429602866e+001
1.12468265038070e+002	1.00578812682881e+001
1.15087987467431e+002	1.00671461934889e+001
1.17768731071118e+002	1.00759603126443e+001
1.20511917214871e+002	1.00843451454891e+001
1.23319000372296e+002	1.00923211999845e+001
1.26191468896038e+002	1.00999080164746e+001
1.29130845806931e+002	1.01071242106652e+001
1.32138689601519e+002	1.01139875153378e+001
1.35216595078396e+002	1.01205148207571e+001
1.38366194183787e+002	1.01267222137108e+001
1.41589156876827e+002	1.01326250151627e+001
1.44887192014998e+002	1.01382378164927e+001
1.48262048260183e+002	1.01435745143147e+001
1.51715515005836e+002	1.01486483438713e+001
1.55249423325738e+002	1.01534719110151e+001
1.58865646944856e+002	1.01580572227892e+001
1.62566103232819e+002	1.01624157166253e+001
1.66352754220534e+002	1.01665582881902e+001
1.70227607640475e+002	1.01704953179070e+001
1.74192717991216e+002	1.01742366961882e+001
1.78250187626749e+002	1.01777918474183e+001
1.82402167871181e+002	1.01811697527231e+001
1.86650860159398e+002	1.01843789715752e+001
1.90998517204287e+002	1.01874276622748e+001
1.95447444191162e+002	1.01903236013529e+001
1.99999999999999e+002	1.01930742019464e+001
2.04658598456150e+002	1.01956865311901e+001
2.09425709610179e+002	1.01981673266736e+001
2.14303861047521e+002	1.02005230120111e+001
2.19295639228636e+002	1.02027597115740e+001
2.24403690860392e+002	1.02048832644253e+001
2.29630724299376e+002	1.02068992375110e+001
2.34979510987905e+002	1.02088129381463e+001
2.40452886923482e+002	1.02106294258406e+001
2.46053754162476e+002	1.02123535235070e+001
2.51785082358833e+002	1.02139898280895e+001
2.57649910338626e+002	1.02155427206521e+001
2.63651347711281e+002	1.02170163759625e+001
2.69792576518330e+002	1.02184147716062e+001
2.76076852920576e+002	1.02197416966583e+001
2.82507508924550e+002	1.02210007599527e+001
2.89087954149185e+002	1.02221953979660e+001
2.95821677633641e+002	1.02233288823474e+001
3.02712249687241e+002	1.02244043271178e+001
3.09763323782495e+002	1.02254246955605e+001
3.16978638492222e+002	1.02263928068148e+001
3.24362019471785e+002	1.02273113422083e+001
3.31917381487511e+002	1.02281828513240e+001
3.39648730492348e+002	1.02290097578288e+001
3.47560165749874e+002	1.02297943650737e+001
3.55655882007783e+002	1.02305388614790e+001
3.63940171721995e+002	1.02312453257071e+001
3.72417427332572e+002	1.02319157316433e+001
3.81092143592648e+002	1.02325519531850e+001
3.89968919951608e+002	1.02331557688493e+001
3.99052462993775e+002	1.02337288662043e+001
4.08347588933904e+002	1.02342728461358e+001
4.17859226170806e+002	1.02347892269407e+001
4.27592417900445e+002	1.02352794482736e+001
4.37552324789909e+002	1.02357448749270e+001
4.47744227713666e+002	1.02361868004707e+001
4.58173530553553e+002	1.02366064507377e+001
4.68845763063983e+002	1.02370049871753e+001
4.79766583803896e+002	1.02373835100502e+001
4.90941783137004e+002	1.02377430615225e+001
5.02377286301914e+002	1.02380846285901e+001
5.14079156553771e+002	1.02384091459010e+001
5.26053598379074e+002	1.02387174984448e+001
5.38306960785381e+002	1.02390105241208e+001
5.50845740667631e+002	1.02392890161922e+001
5.63676586252888e+002	1.02395537256259e+001
5.76806300625319e+002	1.02398053633177e+001
5.90241845333275e+002	1.02400446022198e+001
6.03990344080401e+002	1.02402720793605e+001
6.18059086502716e+002	1.02404883977620e+001
6.32455532033673e+002	1.02406941282717e+001
6.47187313859254e+002	1.02408898112930e+001
6.62262242965179e+002	1.02410759584320e+001
6.77688312278402e+002	1.02412530540621e+001
6.93473700905060e+002	1.02414215567994e+001
7.09626778467148e+002	1.02415819009117e+001
7.26156109540200e+002	1.02417344976434e+001
7.43070458194342e+002	1.02418797364737e+001
7.60378792641119e+002	1.02420179863097e+001
7.78090289988558e+002	1.02421495966099e+001
7.96214341106991e+002	1.02422748984497e+001
8.14760555608222e+002	1.02423942055274e+001
8.33738766940667e+002	1.02425078151164e+001
8.53159037603181e+002	1.02426160089616e+001
8.73031664480328e+002	1.02427190541295e+001
8.93367184301922e+002	1.02428172038080e+001
9.14176379229746e+002	1.02429106980627e+001
9.35470282574392e+002	1.02429997645522e+001
9.57260184645272e+002	1.02430846191991e+001
9.79557638736888e+002	1.02431654668283e+001
1.00237446725454e+003	1.02432425017649e+001
1.02572276798272e+003	1.02433159084005e+001
1.04961492049954e+003	1.02433858617283e+001
1.07406359274050e+003	1.02434525278448e+001
1.09908174771524e+003	1.02435160644262e+001
1.12468265038069e+003	1.02435766211773e+001
1.15087987467431e+003	1.02436343402538e+001
1.17768731071117e+003	1.02436893566599e+001
1.20511917214871e+003	1.02437417986294e+001
1.23319000372296e+003	1.02437917879755e+001
1.26191468896038e+003	1.02438394404305e+001
1.29130845806930e+003	1.02438848659613e+001
1.32138689601518e+003	1.02439281690667e+001
1.35216595078396e+003	1.02439694490618e+001
1.38366194183787e+003	1.02440088003437e+001
1.41589156876827e+003	1.02440463126426e+001
1.44887192014997e+003	1.02440820712603e+001
1.48262048260183e+003	1.02441161572939e+001
1.51715515005836e+003	1.02441486478489e+001
1.55249423325738e+003	1.02441796162379e+001
1.58865646944855e+003	1.02442091321733e+001
1.62566103232819e+003	1.02442372619424e+001
1.66352754220533e+003	1.02442640685781e+001
1.70227607640474e+003	1.02442896120209e+001
1.74192717991215e+003	1.02443139492680e+001
1.78250187626748e+003	1.02443371345158e+001
1.82402167871181e+003	1.02443592192974e+001
1.86650860159397e+003	1.02443802526087e+001
1.90998517204286e+003	1.02444002810308e+001
1.95447444191161e+003	1.02444193488427e+001
1.99999999999999e+003	1.02444374981314e+001
2.04658598456150e+003	1.02444547688932e+001
2.09425709610179e+003	1.02444711991322e+001
2.14303861047520e+003	1.02444868249487e+001
2.19295639228636e+003	1.02445016806281e+001
2.24403690860391e+003	1.02445157987244e+001
2.29630724299375e+003	1.02445292101346e+001
2.34979510987905e+003	1.02445419441729e+001
2.40452886923481e+003	1.02445540286411e+001
2.46053754162475e+003	1.02445654898927e+001
2.51785082358832e+003	1.02445763528955e+001
2.57649910338625e+003	1.02445866412902e+001
2.63651347711280e+003	1.02445963774433e+001
2.69792576518329e+003	1.02446055825027e+001
2.76076852920575e+003	1.02446142764423e+001
2.82507508924549e+003	1.02446224781118e+001
2.89087954149184e+003	1.02446302052783e+001
2.95821677633640e+003	1.02446374746666e+001
3.02712249687240e+003	1.02446443019990e+001
3.09763323782494e+003	1.02446507020306e+001
3.16978638492221e+003	1.02446566885800e+001
3.24362019471784e+003	1.02446622745667e+001
3.31917381487510e+003	1.02446674720346e+001
3.39648730492347e+003	1.02446722921812e+001
3.47560165749873e+003	1.02446767453844e+001
3.55655882007782e+003	1.02446808412227e+001
3.63940171721994e+003	1.02446845884994e+001
3.72417427332571e+003	1.02446879952613e+001
3.81092143592647e+003	1.02446910688149e+001
3.89968919951606e+003	1.02446938157455e+001
3.99052462993773e+003	1.02446962419292e+001
4.08347588933903e+003	1.02446983525477e+001
4.17859226170805e+003	1.02447001520982e+001
4.27592417900444e+003	1.02447016444033e+001
4.37552324789908e+003	1.02447028326200e+001
4.47744227713665e+003	1.02447037192457e+001
4.58173530553552e+003	1.02447043061228e+001
4.68845763063981e+003	1.02447045944436e+001
4.79766583803895e+003	1.02447045847516e+001
4.90941783137003e+003	1.02447042769408e+001
5.02377286301913e+003	1.02447036702579e+001
5.14079156553769e+003	1.02447027632962e+001
5.26053598379073e+003	1.02447015539952e+001
5.38306960785379e+003	1.02447000396318e+001
5.50845740667629e+003	1.02446982168149e+001
5.63676586252887e+003	1.02446960814773e+001
5.76806300625317e+003	1.02446936288640e+001
5.90241845333273e+003	1.02446908535194e+001
6.03990344080399e+003	1.02446877492768e+001
6.18059086502713e+003	1.02446843092407e+001
6.32455532033671e+003	1.02446805257690e+001
6.47187313859252e+003	1.02446763904553e+001
6.62262242965177e+003	1.02446718941069e+001
6.77688312278400e+003	1.02446670267232e+001
6.93473700905058e+003	1.02446617774677e+001
7.09626778467146e+003	1.02446561346444e+001
7.26156109540197e+003	1.02446500856645e+001
7.43070458194339e+003	1.02446436170180e+001
7.60378792641117e+003	1.02446367142362e+001
7.78090289988555e+003	1.02446293618574e+001
7.96214341106988e+003	1.02446215433843e+001
8.14760555608219e+003	1.02446132412439e+001
8.33738766940664e+003	1.02446044367408e+001
8.53159037603179e+003	1.02445951100078e+001
8.73031664480325e+003	1.02445852399561e+001
8.93367184301919e+003	1.02445748042157e+001
9.14176379229743e+003	1.02445637790794e+001
9.35470282574389e+003	1.02445521394373e+001
9.57260184645269e+003	1.02445398587099e+001
9.79557638736884e+003	1.02445269087746e+001
1.00237446725454e+004	1.02445132598908e+001
1.02572276798272e+004	1.02444988806143e+001
1.04961492049954e+004	1.02444837377134e+001
1.07406359274050e+004	1.02444677960730e+001
1.09908174771524e+004	1.02444510185952e+001
1.12468265038069e+004	1.02444333660937e+001
1.15087987467430e+004	1.02444147971798e+001
1.17768731071117e+004	1.02443952681413e+001
1.20511917214871e+004	1.02443747328156e+001
1.23319000372295e+004	1.02443531424475e+001
1.26191468896038e+004	1.02443304455473e+001
1.29130845806930e+004	1.02443065877300e+001
1.32138689601518e+004	1.02442815115500e+001
1.35216595078395e+004	1.02442551563205e+001
1.38366194183786e+004	1.02442274579232e+001
1.41589156876826e+004	1.02441983486010e+001
1.44887192014997e+004	1.02441677567447e+001
1.48262048260182e+004	1.02441356066504e+001
1.51715515005835e+004	1.02441018182766e+001
1.55249423325737e+004	1.02440663069710e+001
1.58865646944855e+004	1.02440289831831e+001
1.62566103232818e+004	1.02439897521589e+001
1.66352754220533e+004	1.02439485136059e+001
1.70227607640474e+004	1.02439051613421e+001
1.74192717991215e+004	1.02438595829119e+001
1.78250187626748e+004	1.02438116591820e+001
1.82402167871180e+004	1.02437612638989e+001
1.86650860159397e+004	1.02437082632189e+001
1.90998517204286e+004	1.02436525152025e+001
1.95447444191160e+004	1.02435938692673e+001
2.00000000000000e+004	1.02435321656036e+001
2.00000000000000e+001	1.06129373206052e+001
2.04658598456151e+001	1.07942544711692e+001
2.09425709610180e+001	1.09721129423493e+001
2.14303861047521e+001	1.11464565368866e+001
2.19295639228637e+001	1.13172344790338e+001
2.24403690860393e+001	1.14844015350941e+001
2.29630724299377e+001	1.16479181107556e+001
2.34979510987906e+001	1.18077503248571e+001
2.40452886923483e+001	1.19638700593362e+001
2.46053754162476e+001	1.21162549853069e+001
2.51785082358833e+001	1.22648885653195e+001
2.57649910338627e+001	1.24097600320529e+001
2.63651347711281e+001	1.25508643438063e+001
2.69792576518331e+001	1.26882021173136e+001
2.76076852920577e+001	1.28217795385572e+001
2.82507508924551e+001	1.29516082523728e+001
2.89087954149185e+001	1.30777052317739e+001
2.95821677633641e+001	1.32000926280471e+001
3.02712249687242e+001	1.33187976027731e+001
3.09763323782496e+001	1.34338521430314e+001
3.16978638492223e+001	1.35452928611338e+001
3.24362019471786e+001	1.36531607803102e+001
3.31917381487512e+001	1.37575011078339e+001
3.39648730492349e+001	1.38583629971311e+001
3.47560165749875e+001	1.39557993004460e+001
3.55655882007784e+001	1.40498663136822e+001
3.63940171721997e+001	1.41406235150259e+001
3.72417427332573e+001	1.42281332989822e+001
3.81092143592649e+001	1.43124607074249e+001
3.89968919951609e+001	1.43936731592468e+001
3.99052462993776e+001	1.44718401801535e+001
4.08347588933906e+001	1.45470331340890e+001
4.17859226170808e+001	1.46193249577370e+001
4.27592417900446e+001	1.46887898994477e+001
4.37552324789910e+001	1.47555032638858e+001
4.47744227713668e+001	1.48195411635726e+001
4.58173530553554e+001	1.48809802784337e+001
4.68845763063984e+001	1.49398976243395e+001
4.79766583803898e+001	1.49963703315101e+001
4.90941783137006e+001	1.50504754335772e+001
5.02377286301916e+001	1.51022896679350e+001
5.14079156553772e+001	1.51518892879476e+001
5.26053598379076e+001	1.51993498874175e+001
5.38306960785383e+001	1.52447462376368e+001
5.50845740667633e+001	1.52881521372228e+001
5.63676586252890e+001	1.53296402748324e+001
5.76806300625321e+001	1.53692821047421e+001
5.90241845333277e+001	1.54071477351966e+001
6.03990344080403e+001	1.54433058293292e+001
6.18059086502718e+001	1.54778235183773e+001
6.32455532033675e+001	1.55107663268475e+001
6.47187313859256e+001	1.55421981092154e+001
6.62262242965182e+001	1.55721809976843e+001
6.77688312278404e+001	1.56007753604875e+001
6.93473700905062e+001	1.56280397701750e+001
7.09626778467150e+001	1.56540309812920e+001
7.26156109540202e+001	1.56788039168342e+001
7.43070458194344e+001	1.57024116628629e+001
7.60378792641121e+001	1.57249054706276e+001
7.78090289988560e+001	1.57463347655756e+001
7.96214341106993e+001	1.57667471626038e+001
8.14760555608224e+001	1.57861884869474e+001
8.33738766940670e+001	1.58047028000819e+001
8.53159037603184e+001	1.58223324300734e+001
8.73031664480331e+001	1.58391180057993e+001
8.93367184301925e+001	1.58550984945171e+001
9.14176379229749e+001	1.58703112422654e+001
9.35470282574395e+001	1.58847920166284e+001
9.57260184645275e+001	1.58985750514086e+001
9.79557638736891e+001	1.59116930928121e+001
1.00237446725454e+002	1.59241774467455e+001
1.02572276798273e+002	1.59360580268896e+001
1.04961492049954e+002	1.59473634032304e+001
1.07406359274050e+002	1.59581208507565e+001
1.09908174771525e+002	1.59683563980665e+001
1.12468265038070e+002	1.59780948756623e+001
1.15087987467431e+002	1.59873599637236e+001
1.17768731071118e+002	1.59961742391815e+001
1.20511917214871e+002	1.60045592219479e+001
1.23319000372296e+002	1.60125354201631e+001
1.26191468896038e+002	1.60201223743513e+001
1.29130845806931e+002	1.60273387003965e+001
1.32138689601519e+002	1.60342021312601e+001
1.35216595078396e+002	1.60407295573843e+001
1.38366194183787e+002	1.60469370657330e+001
1.41589156876827e+002	1.60528399774455e+001
1.44887192014998e+002	1.60584528840741e+001
1.48262048260183e+002	1.60637896824026e+001
1.51715515005836e+002	1.60688636078421e+001
1.55249423325738e+002	1.60736872664103e+001
1.58865646944856e+002	1.60782726653119e+001
1.62566103232819e+002	1.60826312421382e+001
1.66352754220534e+002	1.60867738927115e+001
1.70227607640475e+002	1.60907109976083e+001
1.74192717991216e+002	1.60944524473901e+001
1.78250187626749e+002	1.60980076665868e+001
1.82402167871181e+002	1.61013856364671e+001
1.86650860159398e+002	1.61045949166423e+001
1.90998517204287e+002	1.61076436655481e+001
1.95447444191162e+002	1.61105396598471e+001
1.99999999999999e+002	1.61132903128039e+001
2.04658598456150e+002	1.61159026916790e+001
2.09425709610179e+002	1.61183835341819e+001
2.14303861047521e+002	1.61207392640451e+001
2.19295639228636e+002	1.61229760057534e+001
2.24403690860392e+002	1.61250995984803e+001
2.29630724299376e+002	1.61271156092785e+001
2.34979510987905e+002	1.61290293455662e+001
2.40452886923482e+002	1.61308458669533e+001
2.46053754162476e+002	1.61325699964492e+001
2.51785082358833e+002	1.61342063310904e+001
2.57649910338626e+002	1.61357592520314e+001
2.63651347711281e+002	1.61372329341259e+001
2.69792576518330e+002	1.61386313550427e+001
2.76076852920576e+002	1.61399583039367e+001
2.82507508924550e+002	1.61412173897190e+001
2.89087954149185e+002	1.61424120489398e+001
2.95821677633641e+002	1.61435455533195e+001
3.02712249687241e+002	1.61446210169462e+001
3.09763323782495e+002	1.61456414031683e+001
3.16978638492222e+002	1.61466095311874e+001
3.24362019471785e+002	1.61475280823909e+001
3.31917381487511e+002	1.61483996064181e+001
3.39648730492348e+002	1.61492265269898e+001
3.47560165749874e+002	1.61500111475098e+001
3.55655882007783e+002	1.61507556564470e+001
3.63940171721995e+002	1.61514621325110e+001
3.72417427332572e+002	1.61521325496318e+001
3.81092143592648e+002	1.61527687817486e+001
3.89968919951608e+002	1.61533726074202e+001
3.99052462993775e+002	1.61539457142531e+001
4.08347588933904e+002	1.61544897031686e+001
4.17859226170806e+002	1.61550060924994e+001
4.27592417900445e+002	1.61554963219330e+001
4.37552324789909e+002	1.61559617562927e+001
4.47744227713666e+002	1.61564036891789e+001
4.58173530553553e+002	1.61568233464527e+001
4.68845763063983e+002	1.61572218895880e+001
4.79766583803896e+002	1.61576004188774e+001
4.90941783137004e+002	1.61579599765053e+001
5.02377286301914e+002	1.61583015494927e+001
5.14079156553771e+002	1.61586260725098e+001
5.26053598379074e+002	1.61589344305671e+001
5.38306960785381e+002	1.61592274615844e+001
5.50845740667631e+002	1.61595059588438e+001
5.63676586252888e+002	1.61597706733301e+001
5.76806300625319e+002	1.61600223159574e+001
5.90241845333275e+002	1.61602615596944e+001
6.03990344080401e+002	1.61604890415856e+001
6.18059086502716e+002	1.61607053646694e+001
6.32455532033673e+002	1.61609110998075e+001
6.47187313859254e+002	1.61611067874187e+001
6.62262242965179e+002	1.61612929391232e+001
6.77688312278402e+002	1.61614700393080e+001
6.93473700905060e+002	1.61616385466031e+001
7.09626778467148e+002	1.61617988952890e+001
7.26156109540200e+002	1.61619514966235e+001
7.43070458194342e+002	1.61620967400990e+001
7.60378792641119e+002	1.61622349946352e+001
7.78090289988558e+002	1.61623666097027e+001
7.96214341106991e+002	1.61624919163901e+001
8.14760555608222e+002	1.61626112284077e+001
8.33738766940667e+002	1.61627248430419e+001
8.53159037603181e+002	1.61628330420498e+001
8.73031664480328e+002	1.61629360925110e+001
8.93367184301922e+002	1.61630342476263e+001
9.14176379229746e+002	1.61631277474741e+001
9.35470282574392e+002	1.61632168197264e+001
9.57260184645272e+002	1.61633016803194e+001
9.79557638736888e+002	1.61633825340919e+001
1.00237446725454e+003	1.61634595753824e+001
1.02572276798272e+003	1.61635329885980e+001
1.04961492049954e+003	1.61636029487458e+001
1.07406359274050e+003	1.61636696219381e+001
1.09908174771524e+003	1.61637331658674e+001
1.12468265038069e+003	1.61637937302538e+001
1.15087987467431e+003	1.61638514572706e+001
1.17768731071117e+003	1.61639064819392e+001
1.20511917214871e+003	1.61639589325110e+001
1.23319000372296e+003	1.61640089308192e+001
1.26191468896038e+003	1.61640565926142e+001
1.29130845806930e+003	1.61641020278838e+001
1.32138689601518e+003	1.61641453411481e+001
1.35216595078396e+003	1.61641866317435e+001
1.38366194183787e+003	1.61642259940901e+001
1.41589156876827e+003	1.61642635179420e+001
1.44887192014997e+003	1.61642992886260e+001
1.48262048260183e+003	1.61643333872649e+001
1.51715515005836e+003	1.61643658909908e+001
1.55249423325738e+003	1.61643968731449e+001
1.58865646944855e+003	1.61644264034685e+001
1.62566103232819e+003	1.61644545482802e+001
1.66352754220533e+003	1.61644813706445e+001
1.70227607640474e+003	1.61645069305361e+001
1.74192717991215e+003	1.61645312849861e+001
1.78250187626748e+003	1.61645544882287e+001
1.82402167871181e+003	1.61645765918340e+001
1.86650860159397e+003	1.61645976448392e+001
1.90998517204286e+003	1.61646176938669e+001
1.95447444191161e+003	1.61646367832393e+001
1.99999999999999e+003	1.61646549550901e+001
2.04658598456150e+003	1.61646722494629e+001
2.09425709610179e+003	1.61646887044117e+001
2.14303861047520e+003	1.61647043560900e+001
2.19295639228636e+003	1.61647192388382e+001
2.24403690860391e+003	1.61647333852670e+001
2.29630724299375e+003	1.61647468263342e+001
2.34979510987905e+003	1.61647595914166e+001
2.40452886923481e+003	1.61647717083819e+001
2.46053754162475e+003	1.61647832036530e+001
2.51785082358832e+003	1.61647941022694e+001
2.57649910338625e+003	1.61648044279477e+001
2.63651347711280e+003	1.61648142031332e+001
2.69792576518329e+003	1.61648234490568e+001
2.76076852920575e+003	1.61648321857793e+001
2.82507508924549e+003	1.61648404322413e+001
2.89087954149184e+003	1.61648482063039e+001
2.95821677633640e+003	1.61648555247927e+001
3.02712249687240e+003	1.61648624035340e+001
3.09763323782494e+003	1.61648688573912e+001
3.16978638492221e+003	1.61648749002978e+001
3.24362019471784e+003	1.61648805452926e+001
3.31917381487510e+003	1.61648858045446e+001
3.39648730492347e+003	1.61648906893827e+001
3.47560165749873e+003	1.61648952103217e+001
3.55655882007782e+003	1.61648993770842e+001
3.63940171721994e+003	1.61649031986241e+001
3.72417427332571e+003	1.61649066831454e+001
3.81092143592647e+003	1.61649098381194e+001
3.89968919951606e+003	1.61649126703044e+001
3.99052462993773e+003	1.61649151857579e+001
4.08347588933903e+003	1.61649173898508e+001
4.17859226170805e+003	1.61649192872780e+001
4.27592417900444e+003	1.61649208820705e+001
4.37552324789908e+003	1.61649221776026e+001
4.47744227713665e+003	1.61649231765993e+001
4.58173530553552e+003	1.61649238811415e+001
4.68845763063981e+003	1.61649242926716e+001
4.79766583803895e+003	1.61649244119940e+001
4.90941783137003e+003	1.61649242392769e+001
5.02377286301913e+003	1.61649237740536e+001
5.14079156553769e+003	1.61649230152179e+001
5.26053598379073e+003	1.61649219610231e+001
5.38306960785379e+003	1.61649206090756e+001
5.50845740667629e+003	1.61649189563294e+001
5.63676586252887e+003	1.61649169990780e+001
5.76806300625317e+003	1.61649147329441e+001
5.90241845333273e+003	1.61649121528686e+001
6.03990344080399e+003	1.61649092530992e+001
6.18059086502713e+003	1.61649060271741e+001
6.32455532033671e+003	1.61649024679062e+001
6.47187313859252e+003	1.61648985673648e+001
6.62262242965177e+003	1.61648943168557e+001
6.77688312278400e+003	1.61648897069005e+001
6.93473700905058e+003	1.61648847272094e+001
7.09626778467146e+003	1.61648793666586e+001
7.26156109540197e+003	1.61648736132594e+001
7.43070458194339e+003	1.61648674541283e+001
7.60378792641117e+003	1.61648608754553e+001
7.78090289988555e+003	1.61648538624660e+001
7.96214341106988e+003	1.61648463993851e+001
8.14760555608219e+003	1.61648384693940e+001
8.33738766940664e+003	1.61648300545877e+001
8.53159037603179e+003	1.61648211359274e+001
8.73031664480325e+003	1.61648116931914e+001
8.93367184301919e+003	1.61648017049175e+001
9.14176379229743e+003	1.61647911483498e+001
9.35470282574389e+003	1.61647799993740e+001
9.57260184645269e+003	1.61647682324531e+001
9.79557638736884e+003	1.61647558205576e+001
1.00237446725454e+004	1.61647427350900e+001
1.02572276798272e+004	1.61647289458047e+001
1.04961492049954e+004	1.61647144207245e+001
1.07406359274050e+004	1.61646991260477e+001
1.09908174771524e+004	1.61646830260529e+001
1.12468265038069e+004	1.61646660829949e+001
1.15087987467430e+004	1.61646482569941e+001
1.17768731071117e+004	1.61646295059193e+001
1.20511917214871e+004	1.61646097852634e+001
1.23319000372295e+004	1.61645890480057e+001
1.26191468896038e+004	1.61645672444715e+001
1.29130845806930e+004	1.61645443221791e+001
1.32138689601518e+004	1.61645202256737e+001
1.35216595078395e+004	1.61644948963567e+001
1.38366194183786e+004	1.61644682722942e+001
1.41589156876826e+004	1.61644402880187e+001
1.44887192014997e+004	1.61644108743179e+001
1.48262048260182e+004	1.61643799580005e+001
1.51715515005835e+004	1.61643474616548e+001
1.55249423325737e+004	1.61643133033838e+001
1.58865646944855e+004	1.61642773965236e+001
1.62566103232818e+004	1.61642396493430e+001
1.66352754220533e+004	1.61641999647167e+001
1.70227607640474e+004	1.61641582397802e+001
1.74192717991215e+004	1.61641143655533e+001
1.78250187626748e+004	1.61640682265424e+001
1.82402167871180e+004	1.61640197003082e+001
1.86650860159397e+004	1.61639686570024e+001
1.90998517204286e+004	1.61639149588701e+001
1.95447444191160e+004	1.61638584597144e+001
2.00000000000000e+004	1.61637990043194e+001
2.00000000000000e+001	1.64951616162657e+001
2.04658598456151e+001	1.66764746918639e+001
2.09425709610180e+001	1.68543293988684e+001
2.14303861047521e+001	1.70286695250469e+001
2.19295639228637e+001	1.71994442801669e+001
2.24403690860393e+001	1.73666084165172e+001
2.29630724299377e+001	1.75301223262274e+001
2.34979510987906e+001	1.76899521150178e+001
2.40452886923483e+001	1.78460696521349e+001
2.46053754162476e+001	1.79984525964164e+001
2.51785082358833e+001	1.81470843985445e+001
2.57649910338627e+001	1.82919542797253e+001
2.63651347711281e+001	1.84330571871739e+001
2.69792576518331e+001	1.85703937269234e+001
2.76076852920577e+001	1.87039700746289e+001
2.82507508924551e+001	1.88337978651696e+001
2.89087954149185e+001	1.89598940619665e+001
2.95821677633641e+001	1.90822808070744e+001
3.02712249687242e+001	1.92009852531974e+001
3.09763323782496e+001	1.93160393788888e+001
3.16978638492223e+001	1.94274797882822e+001
3.24362019471786e+001	1.95353474967713e+001
3.31917381487512e+001	1.96396877041316e+001
3.39648730492349e+001	1.97405495566259e+001
3.47560165749875e+001	1.98379858996643e+001
3.55655882007784e+001	1.99320530226399e+001
3.63940171721997e+001	2.00228103975473e+001
3.72417427332573e+001	2.01103204130136e+001
3.81092143592649e+001	2.01946481053416e+001
3.89968919951609e+001	2.02758608881544e+001
3.99052462993776e+001	2.03540282821804e+001
4.08347588933906e+001	2.04292216466746e+001
4.17859226170808e+001	2.05015139139091e+001
4.27592417900446e+001	2.05709793280962e+001
4.37552324789910e+001	2.06376931900230e+001
4.47744227713668e+001	2.07017316085890e+001
4.58173530553554e+001	2.07631712603442e+001
4.68845763063984e+001	2.08220891580189e+001
4.79766583803898e+001	2.08785624289217e+001
4.90941783137006e+001	2.09326681039900e+001
5.02377286301916e+001	2.09844829181338e+001
5.14079156553772e+001	2.10340831224323e+001
5.26053598379076e+001	2.10815443085927e+001
5.38306960785383e+001	2.11269412459926e+001
5.50845740667633e+001	2.11703477315066e+001
5.63676586252890e+001	2.12118364522111e+001
5.76806300625321e+001	2.12514788609558e+001
5.90241845333277e+001	2.12893450647015e+001
6.03990344080403e+001	2.13255037254341e+001
6.18059086502718e+001	2.13600219733719e+001
6.32455532033675e+001	2.13929653321190e+001
6.47187313859256e+001	2.14243976553617e+001
6.62262242965182e+001	2.14543810746163e+001
6.77688312278404e+001	2.14829759575250e+001
6.93473700905062e+001	2.15102408761366e+001
7.09626778467150e+001	2.15362325845757e+001
7.26156109540202e+001	2.15610060054952e+001
7.43070458194344e+001	2.15846142246816e+001
7.60378792641121e+001	2.16071084931737e+001
7.78090289988560e+001	2.16285382362662e+001
7.96214341106993e+001	2.16489510687577e+001
8.14760555608224e+001	2.16683928158313e+001
8.33738766940670e+001	2.16869075389559e+001
8.53159037603184e+001	2.17045375662282e+001
8.73031664480331e+001	2.17213235265939e+001
8.93367184301925e+001	2.17373043874080e+001
9.14176379229749e+001	2.17525174948369e+001
9.35470282574395e+001	2.17669986166145e+001
9.57260184645275e+001	2.17807819867176e+001
9.79557638736891e+001	2.17939003515438e+001
1.00237446725454e+002	2.18063850172084e+001
1.02572276798273e+002	2.18182658976154e+001
1.04961492049954e+002	2.18295715629850e+001
1.07406359274050e+002	2.18403292885509e+001
1.09908174771525e+002	2.18505651031644e+001
1.12468265038070e+002	2.18603038375873e+001
1.15087987467431e+002	2.18695691722643e+001
1.17768731071118e+002	2.18783836843945e+001
1.20511917214871e+002	2.18867688941620e+001
1.23319000372296e+002	2.18947453099799e+001
1.26191468896038e+002	2.19023324726451e+001
1.29130845806931e+002	2.19095489983157e+001
1.32138689601519e+002	2.19164126202253e+001
1.35216595078396e+002	2.19229402290865e+001
1.38366194183787e+002	2.19291479121318e+001
1.41589156876827e+002	2.19350509907662e+001
1.44887192014998e+002	2.19406640568038e+001
1.48262048260183e+002	2.19460010072879e+001
1.51715515005836e+002	2.19510750778834e+001
1.55249423325738e+002	2.19558988748594e+001
1.58865646944856e+002	2.19604844056668e+001
1.62566103232819e+002	2.19648431081375e+001
1.66352754220534e+002	2.19689858783304e+001
1.70227607640475e+002	2.19729230970533e+001
1.74192717991216e+002	2.19766646550943e+001
1.78250187626749e+002	2.19802199772038e+001
1.82402167871181e+002	2.19835980448665e+001
1.86650860159398e+002	2.19868074179042e+001
1.90998517204287e+002	2.19898562549570e+001
1.95447444191162e+002	2.19927523328870e+001
1.99999999999999e+002	2.19955030651530e+001
2.04658598456150e+002	2.19981155192038e+001
2.09425709610179e+002	2.20005964329324e+001
2.14303861047521e+002	2.20029522302483e+001
2.19295639228636e+002	2.20051890358090e+001
2.24403690860392e+002	2.20073126889544e+001
2.29630724299376e+002	2.20093287568991e+001
2.34979510987905e+002	2.20112425472177e+001
2.40452886923482e+002	2.20130591196709e+001
2.46053754162476e+002	2.20147832974137e+001
2.51785082358833e+002	2.20164196776233e+001
2.57649910338626e+002	2.20179726415901e+001
2.63651347711281e+002	2.20194463642985e+001
2.69792576518330e+002	2.20208448235426e+001
2.76076852920576e+002	2.20221718085986e+001
2.82507508924550e+002	2.20234309284930e+001
2.89087954149185e+002	2.20246256198886e+001
2.95821677633641e+002	2.20257591546121e+001
3.02712249687241e+002	2.20268346468541e+001
3.09763323782495e+002	2.20278550600617e+001
3.16978638492222e+002	2.20288232135299e+001
3.24362019471785e+002	2.20297417887362e+001
3.31917381487511e+002	2.20306133354052e+001
3.39648730492348e+002	2.20314402773406e+001
3.47560165749874e+002	2.20322249180233e+001
3.55655882007783e+002	2.20329694459973e+001
3.63940171721995e+002	2.20336759400428e+001
3.72417427332572e+002	2.20343463741580e+001
3.81092143592648e+002	2.20349826223460e+001
3.89968919951608e+002	2.20355864632266e+001
3.99052462993775e+002	2.20361595844650e+001
4.08347588933904e+002	2.20367035870375e+001
4.17859226170806e+002	2.20372199893295e+001
4.27592417900445e+002	2.20377102310782e+001
4.37552324789909e+002	2.20381756771549e+001
4.47744227713666e+002	2.20386176212042e+001
4.58173530553553e+002	2.20390372891306e+001
4.68845763063983e+002	2.20394358424488e+001
4.79766583803896e+002	2.20398143814898e+001
4.90941783137004e+002	2.20401739484750e+001
5.02377286301914e+002	2.20405155304606e+001
5.14079156553771e+002	2.20408400621496e+001
5.26053598379074e+002	2.20411484285845e+001
5.38306960785381e+002	2.20414414677157e+001
5.50845740667631e+002	2.20417199728544e+001
5.63676586252888e+002	2.20419846950126e+001
5.76806300625319e+002	2.20422363451317e+001
5.90241845333275e+002	2.20424755962054e+001
6.03990344080401e+002	2.20427030853028e+001
6.18059086502716e+002	2.20429194154860e+001
6.32455532033673e+002	2.20431251576403e+001
6.47187313859254e+002	2.20433208522054e+001
6.62262242965179e+002	2.20435070108240e+001
6.77688312278402e+002	2.20436841179031e+001
6.93473700905060e+002	2.20438526320943e+001
7.09626778467148e+002	2.20440129876975e+001
7.26156109540200e+002	2.20441655959904e+001
7.43070458194342e+002	2.20443108464842e+001
7.60378792641119e+002	2.20444491081189e+001
7.78090289988558e+002	2.20445807303828e+001
7.96214341106991e+002	2.20447060443846e+001
8.14760555608222e+002	2.20448253638534e+001
8.33738766940667e+002	2.20449389860936e+001
8.53159037603181e+002	2.20450471928823e+001
8.73031664480328e+002	2.20451502513178e+001
8.93367184301922e+002	2.20452484146208e+001
9.14176379229746e+002	2.20453419228885e+001
9.35470282574392e+002	2.20454310038137e+001
9.57260184645272e+002	2.20455158733526e+001
9.79557638736888e+002	2.20455967363644e+001
1.00237446725454e+003	2.20456737872094e+001
1.02572276798272e+003	2.20457472103160e+001
1.04961492049954e+003	2.20458171807139e+001
1.07406359274050e+003	2.20458838645389e+001
1.09908174771524e+003	2.20459474195059e+001
1.12468265038069e+003	2.20460079953611e+001
1.15087987467431e+003	2.20460657343018e+001
1.17768731071117e+003	2.20461207713765e+001
1.20511917214871e+003	2.20461732348630e+001
1.23319000372296e+003	2.20462232466232e+001
1.26191468896038e+003	2.20462709224367e+001
1.29130845806930e+003	2.20463163723212e+001
1.32138689601518e+003	2.20463597008288e+001
1.35216595078396e+003	2.20464010073290e+001
1.38366194183787e+003	2.20464403862755e+001
1.41589156876827e+003	2.20464779274586e+001
1.44887192014997e+003	2.20465137162421e+001
1.48262048260183e+003	2.20465478337875e+001
1.51715515005836e+003	2.20465803572674e+001
1.55249423325738e+003	2.20466113600650e+001
1.58865646944855e+003	2.20466409119661e+001
1.62566103232819e+003	2.20466690793349e+001
1.66352754220533e+003	2.20466959252843e+001
1.70227607640474e+003	2.20467215098391e+001
1.74192717991215e+003	2.20467458900834e+001
1.78250187626748e+003	2.20467691203055e+001
1.82402167871181e+003	2.20467912521340e+001
1.86650860159397e+003	2.20468123346647e+001
1.90998517204286e+003	2.20468324145836e+001
1.95447444191161e+003	2.20468515362793e+001
1.99999999999999e+003	2.20468697419529e+001
2.04658598456150e+003	2.20468870717210e+001
2.09425709610179e+003	2.20469035637124e+001
2.14303861047520e+003	2.20469192541590e+001
2.19295639228636e+003	2.20469341774834e+001
2.24403690860391e+003	2.20469483663831e+001
2.29630724299375e+003	2.20469618519055e+001
2.34979510987905e+003	2.20469746635222e+001
2.40452886923481e+003	2.20469868291995e+001
2.46053754162475e+003	2.20469983754632e+001
2.51785082358832e+003	2.20470093274619e+001
2.57649910338625e+003	2.20470197090250e+001
2.63651347711280e+003	2.20470295427164e+001
2.69792576518329e+003	2.20470388498913e+001
2.76076852920575e+003	2.20470476507403e+001
2.82507508924549e+003	2.20470559643403e+001
2.89087954149184e+003	2.20470638086948e+001
2.95821677633640e+003	2.20470712007786e+001
3.02712249687240e+003	2.20470781565736e+001
3.09763323782494e+003	2.20470846911076e+001
3.16978638492221e+003	2.20470908184844e+001
3.24362019471784e+003	2.20470965519229e+001
3.31917381487510e+003	2.20471019037790e+001
3.39648730492347e+003	2.20471068855787e+001
3.47560165749873e+003	2.20471115080427e+001
3.55655882007782e+003	2.20471157811081e+001
3.63940171721994e+003	2.20471197139546e+001
3.72417427332571e+003	2.20471233150228e+001
3.81092143592647e+003	2.20471265920314e+001
3.89968919951606e+003	2.20471295519976e+001
3.99052462993773e+003	2.20471322012497e+001
4.08347588933903e+003	2.20471345454422e+001
4.17859226170805e+003	2.20471365895683e+001
4.27592417900444e+003	2.20471383379695e+001
4.37552324789908e+003	2.20471397943464e+001
4.47744227713665e+003	2.20471409617654e+001
4.58173530553552e+003	2.20471418426644e+001
4.68845763063981e+003	2.20471424388606e+001
4.79766583803895e+003	2.20471427515499e+001
4.90941783137003e+003	2.20471427813115e+001
5.02377286301913e+003	2.20471425281076e+001
5.14079156553769e+003	2.20471419912827e+001
5.26053598379073e+003	2.20471411695607e+001
5.38306960785379e+003	2.20471400610422e+001
5.50845740667629e+003	2.20471386631972e+001
5.63676586252887e+003	2.20471369728604e+001
5.76806300625317e+003	2.20471349862214e+001
5.90241845333273e+003	2.20471326988145e+001
6.03990344080399e+003	2.20471301055081e+001
6.18059086502713e+003	2.20471272004917e+001
6.32455532033671e+003	2.20471239772593e+001
6.47187313859252e+003	2.20471204285934e+001
6.62262242965177e+003	2.20471165465472e+001
6.77688312278400e+003	2.20471123224244e+001
6.93473700905058e+003	2.20471077467547e+001
7.09626778467146e+003	2.20471028092727e+001
7.26156109540197e+003	2.20470974988872e+001
7.43070458194339e+003	2.20470918036567e+001
7.60378792641117e+003	2.20470857107555e+001
7.78090289988555e+003	2.20470792064418e+001
7.96214341106988e+003	2.20470722760200e+001
8.14760555608219e+003	2.20470649038040e+001
8.33738766940664e+003	2.20470570730735e+001
8.53159037603179e+003	2.20470487660302e+001
8.73031664480325e+003	2.20470399637525e+001
8.93367184301919e+003	2.20470306461391e+001
9.14176379229743e+003	2.20470207918588e+001
9.35470282574389e+003	2.20470103782909e+001
9.57260184645269e+003	2.20469993814609e+001
9.79557638736884e+003	2.20469877759765e+001
1.00237446725454e+004	2.20469755349550e+001
1.02572276798272e+004	2.20469626299457e+001
1.04961492049954e+004	2.20469490308522e+001
1.07406359274050e+004	2.20469347058421e+001
1.09908174771524e+004	2.20469196212559e+001
1.12468265038069e+004	2.20469037415092e+001
1.15087987467430e+004	2.20468870289844e+001
1.17768731071117e+004	2.20468694439193e+001
1.20511917214871e+004	2.20468509442884e+001
1.23319000372295e+004	2.20468314856697e+001
1.26191468896038e+004	2.20468110211115e+001
1.29130845806930e+004	2.20467895009814e+001
1.32138689601518e+004	2.20467668728120e+001
1.35216595078395e+004	2.20467430811316e+001
1.38366194183786e+004	2.20467180672814e+001
1.41589156876826e+004	2.20466917692258e+001
1.44887192014997e+004	2.20466641213462e+001
1.48262048260182e+004	2.20466350542144e+001
1.51715515005835e+004	2.20466044943624e+001
1.55249423325737e+004	2.20465723640226e+001
1.58865646944855e+004	2.20465385808574e+001
1.62566103232818e+004	2.20465030576673e+001
1.66352754220533e+004	2.20464657020728e+001
1.70227607640474e+004	2.20464264161826e+001
1.74192717991215e+004	2.20463850962246e+001
1.78250187626748e+004	2.20463416321623e+001
1.82402167871180e+004	2.20462959072716e+001
1.86650860159397e+004	2.20462477976933e+001
1.90998517204286e+004	2.20461971719459e+001
1.95447444191160e+004	2.20461438904038e+001
2.00000000000000e+004	2.20460878047380e+001
2.00000000000000e+001	2.24085531259885e+001
2.04658598456151e+001	2.25898630943331e+001
2.09425709610180e+001	2.27677149330667e+001
2.14303861047521e+001	2.29420524184319e+001
2.19295639228637e+001	2.31128247490471e+001
2.24403690860393e+001	2.32799866664128e+001
2.29630724299377e+001	2.34434985522188e+001
2.34979510987906e+001	2.36033265020832e+001
2.40452886923483e+001	2.37594423754786e+001
2.46053754162476e+001	2.39118238217883e+001
2.51785082358833e+001	2.40604542825514e+001
2.57649910338627e+001	2.42053229701352e+001
2.63651347711281e+001	2.43464248232157e+001
2.69792576518331e+001	2.44837604395785e+001
2.76076852920577e+001	2.46173359869216e+001
2.82507508924551e+001	2.47471630924498e+001
2.89087954149185e+001	2.48732587121916e+001
2.95821677633641e+001	2.49956449810848e+001
3.02712249687242e+001	2.51143490449905e+001
3.09763323782496e+001	2.52294028758901e+001
3.16978638492223e+001	2.53408430716116e+001
3.24362019471786e+001	2.54487106415080e+001
3.31917381487512e+001	2.55530507795741e+001
3.39648730492349e+001	2.56539126265497e+001
3.47560165749875e+001	2.57513490225758e+001
3.55655882007784e+001	2.58454162520265e+001
3.63940171721997e+001	2.59361737821240e+001
3.72417427332573e+001	2.60236839969637e+001
3.81092143592649e+001	2.61080119285546e+001
3.89968919951609e+001	2.61892249864570e+001
3.99052462993776e+001	2.62673926875653e+001
4.08347588933906e+001	2.63425863875201e+001
4.17859226170808e+001	2.64148790151958e+001
4.27592417900446e+001	2.64843448116160e+001
4.37552324789910e+001	2.65510590745823e+001
4.47744227713668e+001	2.66150979102057e+001
4.58173530553554e+001	2.66765379924371e+001
4.68845763063984e+001	2.67354563315909e+001
4.79766583803898e+001	2.67919300527355e+001
4.90941783137006e+001	2.68460361847368e+001
5.02377286301916e+001	2.68978514605954e+001
5.14079156553772e+001	2.69474521296341e+001
5.26053598379076e+001	2.69949137819514e+001
5.38306960785383e+001	2.70403111854562e+001
5.50845740667633e+001	2.70837181356865e+001
5.63676586252890e+001	2.71252073185072e+001
5.76806300625321e+001	2.71648501856748e+001
5.90241845333277e+001	2.72027168431694e+001
6.03990344080403e+001	2.72388759521002e+001
6.18059086502718e+001	2.72733946419066e+001
6.32455532033675e+001	2.73063384355068e+001
6.47187313859256e+001	2.73377711859862e+001
6.62262242965182e+001	2.73677550243401e+001
6.77688312278404e+001	2.73963503177643e+001
6.93473700905062e+001	2.74236156379293e+001
7.09626778467150e+001	2.74496077386446e+001
7.26156109540202e+001	2.74743815423068e+001
7.43070458194344e+001	2.74979901344997e+001
7.60378792641121e+001	2.75204847661087e+001
7.78090289988560e+001	2.75419148623194e+001
7.96214341106993e+001	2.75623280378626e+001
8.14760555608224e+001	2.75817701178910e+001
8.33738766940670e+001	2.76002851638753e+001
8.53159037603184e+001	2.76179155039461e+001
8.73031664480331e+001	2.76347017671080e+001
8.93367184301925e+001	2.76506829208010e+001
9.14176379229749e+001	2.76658963112963e+001
9.35470282574395e+001	2.76803777064528e+001
9.57260184645275e+001	2.76941613403885e+001
9.79557638736891e+001	2.77072799596559e+001
1.00237446725454e+002	2.77197648705396e+001
1.02572276798273e+002	2.77316459871215e+001
1.04961492049954e+002	2.77429518798106e+001
1.07406359274050e+002	2.77537098240355e+001
1.09908174771525e+002	2.77639458488500e+001
1.12468265038070e+002	2.77736847852225e+001
1.15087987467431e+002	2.77829503138079e+001
1.17768731071118e+002	2.77917650120189e+001
1.20511917214871e+002	2.78001504002546e+001
1.23319000372296e+002	2.78081269871443e+001
1.26191468896038e+002	2.78157143137022e+001
1.29130845806931e+002	2.78229309963018e+001
1.32138689601519e+002	2.78297947683923e+001
1.35216595078396e+002	2.78363225208999e+001
1.38366194183787e+002	2.78425303412699e+001
1.41589156876827e+002	2.78484335511156e+001
1.44887192014998e+002	2.78540467424591e+001
1.48262048260183e+002	2.78593838125472e+001
1.51715515005836e+002	2.78644579972462e+001
1.55249423325738e+002	2.78692819030221e+001
1.58865646944856e+002	2.78738675375192e+001
1.62566103232819e+002	2.78782263387603e+001
1.66352754220534e+002	2.78823692029898e+001
1.70227607640475e+002	2.78863065111983e+001
1.74192717991216e+002	2.78900481543510e+001
1.78250187626749e+002	2.78936035573729e+001
1.82402167871181e+002	2.78969817019176e+001
1.86650860159398e+002	2.79001911479727e+001
1.90998517204287e+002	2.79032400543394e+001
1.95447444191162e+002	2.79061361980360e+001
1.99999999999999e+002	2.79088869926747e+001
2.04658598456150e+002	2.79114995058514e+001
2.09425709610179e+002	2.79139804756035e+001
2.14303861047521e+002	2.79163363259797e+001
2.19295639228636e+002	2.79185731817730e+001
2.24403690860392e+002	2.79206968824542e+001
2.29630724299376e+002	2.79227129953649e+001
2.34979510987905e+002	2.79246268282022e+001
2.40452886923482e+002	2.79264434408451e+001
2.46053754162476e+002	2.79281676565635e+001
2.51785082358833e+002	2.79298040726447e+001
2.57649910338626e+002	2.79313570704856e+001
2.63651347711281e+002	2.79328308251732e+001
2.69792576518330e+002	2.79342293146000e+001
2.76076852920576e+002	2.79355563281374e+001
2.82507508924550e+002	2.79368154749026e+001
2.89087954149185e+002	2.79380101916467e+001
2.95821677633641e+002	2.79391437502790e+001
3.02712249687241e+002	2.79402192650720e+001
3.09763323782495e+002	2.79412396995487e+001
3.16978638492222e+002	2.79422078730785e+001
3.24362019471785e+002	2.79431264672086e+001
3.31917381487511e+002	2.79439980317320e+001
3.39648730492348e+002	2.79448249905156e+001
3.47560165749874e+002	2.79456096471020e+001
3.55655882007783e+002	2.79463541900935e+001
3.63940171721995e+002	2.79470606983267e+001
3.72417427332572e+002	2.79477311458516e+001
3.81092143592648e+002	2.79483674067229e+001
3.89968919951608e+002	2.79489712596080e+001
3.99052462993775e+002	2.79495443922172e+001
4.08347588933904e+002	2.79500884055711e+001
4.17859226170806e+002	2.79506048180960e+001
4.27592417900445e+002	2.79510950695679e+001
4.37552324789909e+002	2.79515605248954e+001
4.47744227713666e+002	2.79520024777592e+001
4.58173530553553e+002	2.79524221540967e+001
4.68845763063983e+002	2.79528207154551e+001
4.79766583803896e+002	2.79531992621949e+001
4.90941783137004e+002	2.79535588365671e+001
5.02377286301914e+002	2.79539004256553e+001
5.14079156553771e+002	2.79542249641886e+001
5.26053598379074e+002	2.79545333372346e+001
5.38306960785381e+002	2.79548263827669e+001
5.50845740667631e+002	2.79551048941200e+001
5.63676586252888e+002	2.79553696223279e+001
5.76806300625319e+002	2.79556212783523e+001
5.90241845333275e+002	2.79558605352073e+001
6.03990344080401e+002	2.79560880299812e+001
6.18059086502716e+002	2.79563043657547e+001
6.32455532033673e+002	2.79565101134308e+001
6.47187313859254e+002	2.79567058134667e+001
6.62262242965179e+002	2.79568919775220e+001
6.77688312278402e+002	2.79570690900204e+001
6.93473700905060e+002	2.79572376096292e+001
7.09626778467148e+002	2.79573979706640e+001
7.26156109540200e+002	2.79575505844179e+001
7.43070458194342e+002	2.79576958404180e+001
7.60378792641119e+002	2.79578341076178e+001
7.78090289988558e+002	2.79579657355226e+001
7.96214341106991e+002	2.79580910552539e+001
8.14760555608222e+002	2.79582103805565e+001
8.33738766940667e+002	2.79583240087501e+001
8.53159037603181e+002	2.79584322216262e+001
8.73031664480328e+002	2.79585352862978e+001
8.93367184301922e+002	2.79586334560009e+001
9.14176379229746e+002	2.79587269708488e+001
9.35470282574392e+002	2.79588160585486e+001
9.57260184645272e+002	2.79589009350734e+001
9.79557638736888e+002	2.79589818052984e+001
1.00237446725454e+003	2.79590588636001e+001
1.02572276798272e+003	2.79591322944243e+001
1.04961492049954e+003	2.79592022728180e+001
1.07406359274050e+003	2.79592689649349e+001
1.09908174771524e+003	2.79593325285086e+001
1.12468265038069e+003	2.79593931133038e+001
1.15087987467431e+003	2.79594508615383e+001
1.17768731071117e+003	2.79595059082803e+001
1.20511917214871e+003	2.79595583818297e+001
1.23319000372296e+003	2.79596084040689e+001
1.26191468896038e+003	2.79596560908017e+001
1.29130845806930e+003	2.79597015520691e+001
1.32138689601518e+003	2.79597448924473e+001
1.35216595078396e+003	2.79597862113314e+001
1.38366194183787e+003	2.79598256032026e+001
1.41589156876827e+003	2.79598631578783e+001
1.44887192014997e+003	2.79598989607510e+001
1.48262048260183e+003	2.79599330930129e+001
1.51715515005836e+003	2.79599656318680e+001
1.55249423325738e+003	2.79599966507323e+001
1.58865646944855e+003	2.79600262194258e+001
1.62566103232819e+003	2.79600544043488e+001
1.66352754220533e+003	2.79600812686516e+001
1.70227607640474e+003	2.79601068723976e+001
1.74192717991215e+003	2.79601312727124e+001
1.78250187626748e+003	2.79601545239264e+001
1.82402167871181e+003	2.79601766777133e+001
1.86650860159397e+003	2.79601977832159e+001
1.90998517204286e+003	2.79602178871685e+001
1.95447444191161e+003	2.79602370340105e+001
1.99999999999999e+003	2.79602552659974e+001
2.04658598456150e+003	2.79602726233009e+001
2.09425709610179e+003	2.79602891441086e+001
2.14303861047520e+003	2.79603048647135e+001
2.19295639228636e+003	2.79603198196025e+001
2.24403690860391e+003	2.79603340415401e+001
2.29630724299375e+003	2.79603475616433e+001
2.34979510987905e+003	2.79603604094575e+001
2.40452886923481e+003	2.79603726130259e+001
2.46053754162475e+003	2.79603841989549e+001
2.51785082358832e+003	2.79603951924767e+001
2.57649910338625e+003	2.79604056175092e+001
2.63651347711280e+003	2.79604154967089e+001
2.69792576518329e+003	2.79604248515267e+001
2.76076852920575e+003	2.79604337022550e+001
2.82507508924549e+003	2.79604420680758e+001
2.89087954149184e+003	2.79604499671048e+001
2.95821677633640e+003	2.79604574164313e+001
3.02712249687240e+003	2.79604644321596e+001
3.09763323782494e+003	2.79604710294440e+001
3.16978638492221e+003	2.79604772225223e+001
3.24362019471784e+003	2.79604830247522e+001
3.31917381487510e+003	2.79604884486358e+001
3.39648730492347e+003	2.79604935058515e+001
3.47560165749873e+003	2.79604982072804e+001
3.55655882007782e+003	2.79605025630275e+001
3.63940171721994e+003	2.79605065824474e+001
3.72417427332571e+003	2.79605102741645e+001
3.81092143592647e+003	2.79605136460901e+001
3.89968919951606e+003	2.79605167054421e+001
3.99052462993773e+003	2.79605194587605e+001
4.08347588933903e+003	2.79605219119203e+001
4.17859226170805e+003	2.79605240701459e+001
4.27592417900444e+003	2.79605259380212e+001
4.37552324789908e+003	2.79605275195001e+001
4.47744227713665e+003	2.79605288179145e+001
4.58173530553552e+003	2.79605298359804e+001
4.68845763063981e+003	2.79605305758060e+001
4.79766583803895e+003	2.79605310388920e+001
4.90941783137003e+003	2.79605312261365e+001
5.02377286301913e+003	2.79605311378369e+001
5.14079156553769e+003	2.79605307736865e+001
5.26053598379073e+003	2.79605301327766e+001
5.38306960785379e+003	2.79605292135909e+001
5.50845740667629e+003	2.79605280140021e+001
5.63676586252887e+003	2.79605265312651e+001
5.76806300625317e+003	2.79605247620105e+001
5.90241845333273e+003	2.79605227022337e+001
6.03990344080399e+003	2.79605203472866e+001
6.18059086502713e+003	2.79605176918650e+001
6.32455532033671e+003	2.79605147299921e+001
6.47187313859252e+003	2.79605114550060e+001
6.62262242965177e+003	2.79605078595409e+001
6.77688312278400e+003	2.79605039355089e+001
6.93473700905058e+003	2.79604996740768e+001
7.09626778467146e+003	2.79604950656464e+001
7.26156109540197e+003	2.79604900998258e+001
7.43070458194339e+003	2.79604847654051e+001
7.60378792641117e+003	2.79604790503249e+001
7.78090289988555e+003	2.79604729416459e+001
7.96214341106988e+003	2.79604664255130e+001
8.14760555608219e+003	2.79604594871199e+001
8.33738766940664e+003	2.79604521106681e+001
8.53159037603179e+003	2.79604442793254e+001
8.73031664480325e+003	2.79604359751795e+001
8.93367184301919e+003	2.79604271791886e+001
9.14176379229743e+003	2.79604178711298e+001
9.35470282574389e+003	2.79604080295431e+001
9.57260184645269e+003	2.79603976316705e+001
9.79557638736884e+003	2.79603866533926e+001
1.00237446725454e+004	2.79603750691598e+001
1.02572276798272e+004	2.79603628519186e+001
1.04961492049954e+004	2.79603499730342e+001
1.07406359274050e+004	2.79603364022064e+001
1.09908174771524e+004	2.79603221073806e+001
1.12468265038069e+004	2.79603070546511e+001
1.15087987467430e+004	2.79602912081609e+001
1.17768731071117e+004	2.79602745299899e+001
1.20511917214871e+004	2.79602569800431e+001
1.23319000372295e+004	2.79602385159199e+001
1.26191468896038e+004	2.79602190927851e+001
1.29130845806930e+004	2.79601986632248e+001
1.32138689601518e+004	2.79601771770929e+001
1.35216595078395e+004	2.79601545813508e+001
1.38366194183786e+004	2.79601308198876e+001
1.41589156876826e+004	2.79601058333361e+001
1.44887192014997e+004	2.79600795588725e+001
1.48262048260182e+004	2.79600519299974e+001
1.51715515005835e+004	2.79600228763083e+001
1.55249423325737e+004	2.79599923232508e+001
1.58865646944855e+004	2.79599601918511e+001
1.62566103232818e+004	2.79599263984346e+001
1.66352754220533e+004	2.79598908543145e+001
1.70227607640474e+004	2.79598534654660e+001
1.74192717991215e+004	2.79598141321689e+001
1.78250187626748e+004	2.79597727486303e+001
1.82402167871180e+004	2.79597292025731e+001
1.86650860159397e+004	2.79596833747949e+001
1.90998517204286e+004	2.79596351386939e+001
1.95447444191160e+004	2.79595843597570e+001
2.00000000000000e+004	2.79595308950103e+001
2.00000000000000e+001	2.88500001723292e+001
2.04658598456151e+001	2.90313234099601e+001
2.09425709610180e+001	2.92091875090971e+001
2.14303861047521e+001	2.93835362945740e+001
2.19295639228637e+001	2.95543190120112e+001
2.24403690860393e+001	2.97214904483820e+001
2.29630724299377e+001	2.98850110293695e+001
2.34979510987906e+001	3.00448468931556e+001
2.40452886923483e+001	3.02009699403869e+001
2.46053754162476e+001	3.03533578602696e+001
2.51785082358833e+001	3.05019941328471e+001
2.57649910338627e+001	3.06468680077024e+001
2.63651347711281e+001	3.07879744594638e+001
2.69792576518331e+001	3.09253141206301e+001
2.76076852920577e+001	3.10588931923934e+001
2.82507508924551e+001	3.11887233342536e+001
2.89087954149185e+001	3.13148215333483e+001
2.95821677633641e+001	3.14372099545580e+001
3.02712249687242e+001	3.15559157725331e+001
3.09763323782496e+001	3.16709709869047e+001
3.16978638492223e+001	3.17824122220248e+001
3.24362019471786e+001	3.18902805126587e+001
3.31917381487512e+001	3.19946210771163e+001
3.39648730492349e+001	3.20954830793687e+001
3.47560165749875e+001	3.21929193817220e+001
3.55655882007784e+001	3.22869862896624e+001
3.63940171721997e+001	3.23777432904920e+001
3.72417427332573e+001	3.24652527873702e+001
3.81092143592649e+001	3.25495798303734e+001
3.89968919951609e+001	3.26307918461562e+001
3.99052462993776e+001	3.27089583677538e+001
4.08347588933906e+001	3.27841507660186e+001
4.17859226170808e+001	3.28564419841326e+001
4.27592417900446e+001	3.29259062765474e+001
4.37552324789910e+001	3.29926189536412e+001
4.47744227713668e+001	3.30566561332768e+001
4.58173530553554e+001	3.31180945003603e+001
4.68845763063984e+001	3.31770110753951e+001
4.79766583803898e+001	3.32334829929003e+001
4.90941783137006e+001	3.32875872904862e+001
5.02377286301916e+001	3.33394007092195e+001
5.14079156553772e+001	3.33889995058440e+001
5.26053598379076e+001	3.34364592772622e+001
5.38306960785383e+001	3.34818547976016e+001
5.50845740667633e+001	3.35252598680628e+001
5.63676586252890e+001	3.35667471796486e+001
5.76806300625321e+001	3.36063881887562e+001
5.90241845333277e+001	3.36442530055389e+001
6.03990344080403e+001	3.36804102948396e+001
6.18059086502718e+001	3.37149271894189e+001
6.32455532033675e+001	3.37478692151307e+001
6.47187313859256e+001	3.37793002276362e+001
6.62262242965182e+001	3.38092823601718e+001
6.77688312278404e+001	3.38378759818622e+001
6.93473700905062e+001	3.38651396660188e+001
7.09626778467150e+001	3.38911301678270e+001
7.26156109540202e+001	3.39159024108113e+001
7.43070458194344e+001	3.39395094814596e+001
7.60378792641121e+001	3.39620026313538e+001
7.78090289988560e+001	3.39834312861872e+001
7.96214341106993e+001	3.40038430610256e+001
8.14760555608224e+001	3.40232837812015e+001
8.33738766940670e+001	3.40417975082224e+001
8.53159037603184e+001	3.40594265701295e+001
8.73031664480331e+001	3.40762115957231e+001
8.93367184301925e+001	3.40921915521357e+001
9.14176379229749e+001	3.41074037852416e+001
9.35470282574395e+001	3.41218840624210e+001
9.57260184645275e+001	3.41356666172422e+001
9.79557638736891e+001	3.41487841956478e+001
1.00237446725454e+002	3.41612681032559e+001
1.02572276798273e+002	3.41731482534383e+001
1.04961492049954e+002	3.41844532158539e+001
1.07406359274050e+002	3.41952102651482e+001
1.09908174771525e+002	3.42054454295646e+001
1.12468265038070e+002	3.42151835392401e+001
1.15087987467431e+002	3.42244482739805e+001
1.17768731071118e+002	3.42332622103370e+001
1.20511917214871e+002	3.42416468678381e+001
1.23319000372296e+002	3.42496227542375e+001
1.26191468896038e+002	3.42572094096709e+001
1.29130845806931e+002	3.42644254496342e+001
1.32138689601519e+002	3.42712886067016e+001
1.35216595078396e+002	3.42778157709309e+001
1.38366194183787e+002	3.42840230289034e+001
1.41589156876827e+002	3.42899257013797e+001
1.44887192014998e+002	3.42955383795383e+001
1.48262048260183e+002	3.43008749597938e+001
1.51715515005836e+002	3.43059486771932e+001
1.55249423325738e+002	3.43107721373964e+001
1.58865646944856e+002	3.43153573472572e+001
1.62566103232819e+002	3.43197157440216e+001
1.66352754220534e+002	3.43238582231733e+001
1.70227607640475e+002	3.43277951649584e+001
1.74192717991216e+002	3.43315364596139e+001
1.78250187626749e+002	3.43350915313541e+001
1.82402167871181e+002	3.43384693611379e+001
1.86650860159398e+002	3.43416785082759e+001
1.90998517204287e+002	3.43447271309102e+001
1.95447444191162e+002	3.43476230054169e+001
1.99999999999999e+002	3.43503735447835e+001
2.04658598456150e+002	3.43529858159992e+001
2.09425709610179e+002	3.43554665565119e+001
2.14303861047521e+002	3.43578221897978e+001
2.19295639228636e+002	3.43600588400955e+001
2.24403690860392e+002	3.43621823463385e+001
2.29630724299376e+002	3.43641982753478e+001
2.34979510987905e+002	3.43661119343179e+001
2.40452886923482e+002	3.43679283826412e+001
2.46053754162476e+002	3.43696524431174e+001
2.51785082358833e+002	3.43712887125818e+001
2.57649910338626e+002	3.43728415719933e+001
2.63651347711281e+002	3.43743151960184e+001
2.69792576518330e+002	3.43757135621450e+001
2.76076852920576e+002	3.43770404593547e+001
2.82507508924550e+002	3.43782994963908e+001
2.89087954149185e+002	3.43794941096441e+001
2.95821677633641e+002	3.43806275706807e+001
3.02712249687241e+002	3.43817029934416e+001
3.09763323782495e+002	3.43827233411342e+001
3.16978638492222e+002	3.43836914328252e+001
3.24362019471785e+002	3.43846099497723e+001
3.31917381487511e+002	3.43854814414920e+001
3.39648730492348e+002	3.43863083315873e+001
3.47560165749874e+002	3.43870929233493e+001
3.55655882007783e+002	3.43878374051402e+001
3.63940171721995e+002	3.43885438555673e+001
3.72417427332572e+002	3.43892142484637e+001
3.81092143592648e+002	3.43898504576763e+001
3.89968919951608e+002	3.43904542616752e+001
3.99052462993775e+002	3.43910273479839e+001
4.08347588933904e+002	3.43915713174441e+001
4.17859226170806e+002	3.43920876883131e+001
4.27592417900445e+002	3.43925779002061e+001
4.37552324789909e+002	3.43930433178787e+001
4.47744227713666e+002	3.43934852348664e+001
4.58173530553553e+002	3.43939048769686e+001
4.68845763063983e+002	3.43943034056011e+001
4.79766583803896e+002	3.43946819210007e+001
4.90941783137004e+002	3.43950414652987e+001
5.02377286301914e+002	3.43953830254661e+001
5.14079156553771e+002	3.43957075361252e+001
5.26053598379074e+002	3.43960158822403e+001
5.38306960785381e+002	3.43963089016880e+001
5.50845740667631e+002	3.43965873877090e+001
5.63676586252888e+002	3.43968520912477e+001
5.76806300625319e+002	3.43971037231802e+001
5.90241845333275e+002	3.43973429564386e+001
6.03990344080401e+002	3.43975704280317e+001
6.18059086502716e+002	3.43977867409645e+001
6.32455532033673e+002	3.43979924660658e+001
6.47187313859254e+002	3.43981881437216e+001
6.62262242965179e+002	3.43983742855224e+001
6.77688312278402e+002	3.43985513758240e+001
6.93473700905060e+002	3.43987198732276e+001
7.09626778467148e+002	3.43988802119847e+001
7.26156109540200e+002	3.43990328033248e+001
7.43070458194342e+002	3.43991780367121e+001
7.60378792641119e+002	3.43993162810393e+001
7.78090289988558e+002	3.43994478857485e+001
7.96214341106991e+002	3.43995731819019e+001
8.14760555608222e+002	3.43996924831823e+001
8.33738766940667e+002	3.43998060868483e+001
8.53159037603181e+002	3.43999142746301e+001
8.73031664480328e+002	3.44000173135793e+001
8.93367184301922e+002	3.44001154568688e+001
9.14176379229746e+002	3.44002089445485e+001
9.35470282574392e+002	3.44002980042617e+001
9.57260184645272e+002	3.44003828519153e+001
9.79557638736888e+002	3.44004636923175e+001
1.00237446725454e+003	3.44005407197767e+001
1.02572276798272e+003	3.44006141186678e+001
1.04961492049954e+003	3.44006840639664e+001
1.07406359274050e+003	3.44007507217511e+001
1.09908174771524e+003	3.44008142496794e+001
1.12468265038069e+003	3.44008747974368e+001
1.15087987467431e+003	3.44009325071591e+001
1.17768731071117e+003	3.44009875138304e+001
1.20511917214871e+003	3.44010399456625e+001
1.23319000372296e+003	3.44010899244474e+001
1.26191468896038e+003	3.44011375658937e+001
1.29130845806930e+003	3.44011829799443e+001
1.32138689601518e+003	3.44012262710739e+001
1.35216595078396e+003	3.44012675385713e+001
1.38366194183787e+003	3.44013068768069e+001
1.41589156876827e+003	3.44013443754827e+001
1.44887192014997e+003	3.44013801198717e+001
1.48262048260183e+003	3.44014141910401e+001
1.51715515005836e+003	3.44014466660616e+001
1.55249423325738e+003	3.44014776182157e+001
1.58865646944855e+003	3.44015071171799e+001
1.62566103232819e+003	3.44015352292056e+001
1.66352754220533e+003	3.44015620172877e+001
1.70227607640474e+003	3.44015875413279e+001
1.74192717991215e+003	3.44016118582807e+001
1.78250187626748e+003	3.44016350223005e+001
1.82402167871181e+003	3.44016570848744e+001
1.86650860159397e+003	3.44016780949517e+001
1.90998517204286e+003	3.44016980990636e+001
1.95447444191161e+003	3.44017171414378e+001
1.99999999999999e+003	3.44017352641074e+001
2.04658598456150e+003	3.44017525070116e+001
2.09425709610179e+003	3.44017689080953e+001
2.14303861047520e+003	3.44017845033975e+001
2.19295639228636e+003	3.44017993271385e+001
2.24403690860391e+003	3.44018134118043e+001
2.29630724299375e+003	3.44018267882212e+001
2.34979510987905e+003	3.44018394856290e+001
2.40452886923481e+003	3.44018515317515e+001
2.46053754162475e+003	3.44018629528614e+001
2.51785082358832e+003	3.44018737738406e+001
2.57649910338625e+003	3.44018840182412e+001
2.63651347711280e+003	3.44018937083363e+001
2.69792576518329e+003	3.44019028651754e+001
2.76076852920575e+003	3.44019115086310e+001
2.82507508924549e+003	3.44019196574450e+001
2.89087954149184e+003	3.44019273292723e+001
2.95821677633640e+003	3.44019345407210e+001
3.02712249687240e+003	3.44019413073899e+001
3.09763323782494e+003	3.44019476439052e+001
3.16978638492221e+003	3.44019535639512e+001
3.24362019471784e+003	3.44019590803063e+001
3.31917381487510e+003	3.44019642048660e+001
3.39648730492347e+003	3.44019689486738e+001
3.47560165749873e+003	3.44019733219452e+001
3.55655882007782e+003	3.44019773340895e+001
3.63940171721994e+003	3.44019809937320e+001
3.72417427332571e+003	3.44019843087338e+001
3.81092143592647e+003	3.44019872862065e+001
3.89968919951606e+003	3.44019899325314e+001
3.99052462993773e+003	3.44019922533717e+001
4.08347588933903e+003	3.44019942536851e+001
4.17859226170805e+003	3.44019959377348e+001
4.27592417900444e+003	3.44019973090984e+001
4.37552324789908e+003	3.44019983706764e+001
4.47744227713665e+003	3.44019991246968e+001
4.58173530553552e+003	3.44019995727211e+001
4.68845763063981e+003	3.44019997156473e+001
4.79766583803895e+003	3.44019995537093e+001
4.90941783137003e+003	3.44019990864792e+001
5.02377286301913e+003	3.44019983128641e+001
5.14079156553769e+003	3.44019972311043e+001
5.26053598379073e+003	3.44019958387671e+001
5.38306960785379e+003	3.44019941327415e+001
5.50845740667629e+003	3.44019921092298e+001
5.63676586252887e+003	3.44019897637381e+001
5.76806300625317e+003	3.44019870910656e+001
5.90241845333273e+003	3.44019840852898e+001
6.03990344080399e+003	3.44019807397549e+001
6.18059086502713e+003	3.44019770470526e+001
6.32455532033671e+003	3.44019729990051e+001
6.47187313859252e+003	3.44019685866432e+001
6.62262242965177e+003	3.44019638001868e+001
6.77688312278400e+003	3.44019586290192e+001
6.93473700905058e+003	3.44019530616585e+001
7.09626778467146e+003	3.44019470857335e+001
7.26156109540197e+003	3.44019406879479e+001
7.43070458194339e+003	3.44019338540508e+001
7.60378792641117e+003	3.44019265687978e+001
7.78090289988555e+003	3.44019188159150e+001
7.96214341106988e+003	3.44019105780538e+001
8.14760555608219e+003	3.44019018367511e+001
8.33738766940664e+003	3.44018925723779e+001
8.53159037603179e+003	3.44018827640900e+001
8.73031664480325e+003	3.44018723897754e+001
8.93367184301919e+003	3.44018614259930e+001
9.14176379229743e+003	3.44018498479129e+001
9.35470282574389e+003	3.44018376292502e+001
9.57260184645269e+003	3.44018247421942e+001
9.79557638736884e+003	3.44018111573343e+001
1.00237446725454e+004	3.44017968435795e+001
1.02572276798272e+004	3.44017817680719e+001
1.04961492049954e+004	3.44017658960997e+001
1.07406359274050e+004	3.44017491909970e+001
1.09908174771524e+004	3.44017316140420e+001
1.12468265038069e+004	3.44017131243480e+001
1.15087987467430e+004	3.44016936787453e+001
1.17768731071117e+004	3.44016732316556e+001
1.20511917214871e+004	3.44016517349634e+001
1.23319000372295e+004	3.44016291378672e+001
1.26191468896038e+004	3.44016053867336e+001
1.29130845806930e+004	3.44015804249338e+001
1.32138689601518e+004	3.44015541926705e+001
1.35216595078395e+004	3.44015266267956e+001
1.38366194183786e+004	3.44014976606107e+001
1.41589156876826e+004	3.44014672236585e+001
1.44887192014997e+004	3.44014352414997e+001
1.48262048260182e+004	3.44014016354676e+001
1.51715515005835e+004	3.44013663224156e+001
1.55249423325737e+004	3.44013292144407e+001
1.58865646944855e+004	3.44012902185863e+001
1.62566103232818e+004	3.44012492365307e+001
1.66352754220533e+004	3.44012061642440e+001
1.70227607640474e+004	3.44011608916303e+001
1.74192717991215e+004	3.44011133021331e+001
1.78250187626748e+004	3.44010632723226e+001
1.82402167871180e+004	3.44010106714457e+001
1.86650860159397e+004	3.44009553609443e+001
1.90998517204286e+004	3.44008971939395e+001
1.95447444191160e+004	3.44008360146749e+001
2.00000000000000e+004	3.44007716579201e+001
