Freq.	V(vout)
2.00000000000000e+001	2.90147447960267e+001
2.04658598456151e+001	2.92019185350163e+001
2.09425709610180e+001	2.93857607993895e+001
2.14303861047521e+001	2.95662117455458e+001
2.19295639228637e+001	2.97432163279376e+001
2.24403690860393e+001	2.99167243886252e+001
2.29630724299377e+001	3.00866907244761e+001
2.34979510987906e+001	3.02530751318930e+001
2.40452886923483e+001	3.04158424290990e+001
2.46053754162476e+001	3.05749624561849e+001
2.51785082358833e+001	3.07304100532549e+001
2.57649910338627e+001	3.08821650171789e+001
2.63651347711281e+001	3.10302120375918e+001
2.69792576518331e+001	3.11745406129195e+001
2.76076852920577e+001	3.13151449473408e+001
2.82507508924551e+001	3.14520238297036e+001
2.89087954149185e+001	3.15851804955317e+001
2.95821677633641e+001	3.17146224733312e+001
3.02712249687242e+001	3.18403614165067e+001
3.09763323782496e+001	3.19624129222385e+001
3.16978638492223e+001	3.20807963387497e+001
3.24362019471786e+001	3.21955345623953e+001
3.31917381487512e+001	3.23066538260554e+001
3.39648730492349e+001	3.24141834803125e+001
3.47560165749875e+001	3.25181557688751e+001
3.55655882007784e+001	3.26186055997142e+001
3.63940171721997e+001	3.27155703133240e+001
3.72417427332573e+001	3.28090894494999e+001
3.81092143592649e+001	3.28992045139538e+001
3.89968919951609e+001	3.29859587460410e+001
3.99052462993776e+001	3.30693968888077e+001
4.08347588933906e+001	3.31495649624714e+001
4.17859226170808e+001	3.32265100424035e+001
4.27592417900446e+001	3.33002800425686e+001
4.37552324789910e+001	3.33709235053115e+001
4.47744227713668e+001	3.34384893982920e+001
4.58173530553554e+001	3.35030269192745e+001
4.68845763063984e+001	3.35645853094157e+001
4.79766583803898e+001	3.36232136755846e+001
4.90941783137006e+001	3.36789608221965e+001
5.02377286301916e+001	3.37318750929470e+001
5.14079156553772e+001	3.37820042227802e+001
5.26053598379076e+001	3.38293952003353e+001
5.38306960785383e+001	3.38740941410798e+001
5.50845740667633e+001	3.39161461712620e+001
5.63676586252890e+001	3.39555953227755e+001
5.76806300625321e+001	3.39924844389779e+001
5.90241845333277e+001	3.40268550914696e+001
6.03990344080403e+001	3.40587475077973e+001
6.18059086502718e+001	3.40882005100259e+001
6.32455532033675e+001	3.41152514640842e+001
6.47187313859256e+001	3.41399362397817e+001
6.62262242965182e+001	3.41622891813631e+001
6.77688312278404e+001	3.41823430884576e+001
6.93473700905062e+001	3.42001292072685e+001
7.09626778467150e+001	3.42156772318339e+001
7.26156109540202e+001	3.42290153151811e+001
7.43070458194344e+001	3.42401700901916e+001
7.60378792641121e+001	3.42491666999758e+001
7.78090289988560e+001	3.42560288375648e+001
7.96214341106993e+001	3.42607787946953e+001
8.14760555608224e+001	3.42634375194702e+001
8.33738766940670e+001	3.42640246826566e+001
8.53159037603184e+001	3.42625587523671e+001
8.73031664480331e+001	3.42590570768568e+001
8.93367184301925e+001	3.42535359751464e+001
9.14176379229749e+001	3.42460108351504e+001
9.35470282574395e+001	3.42364962189748e+001
9.57260184645275e+001	3.42250059750116e+001
9.79557638736891e+001	3.42115533564175e+001
1.00237446725454e+002	3.41961511455404e+001
1.02572276798273e+002	3.41788117838014e+001
1.04961492049954e+002	3.41595475065135e+001
1.07406359274050e+002	3.41383704820576e+001
1.09908174771525e+002	3.41152929547928e+001
1.12468265038070e+002	3.40903273910452e+001
1.15087987467431e+002	3.40634866274412e+001
1.17768731071118e+002	3.40347840208312e+001
1.20511917214871e+002	3.40042335989819e+001
1.23319000372296e+002	3.39718502111838e+001
1.26191468896038e+002	3.39376496778685e+001
1.29130845806931e+002	3.39016489382985e+001
1.32138689601519e+002	3.38638661953562e+001
1.35216595078396e+002	3.38243210564362e+001
1.38366194183787e+002	3.37830346694159e+001
1.41589156876827e+002	3.37400298526832e+001
1.44887192014998e+002	3.36953312181848e+001
1.48262048260183e+002	3.36489652864670e+001
1.51715515005836e+002	3.36009605927129e+001
1.55249423325738e+002	3.35513477827807e+001
1.58865646944856e+002	3.35001596983202e+001
1.62566103232819e+002	3.34474314500672e+001
1.66352754220534e+002	3.33932004784935e+001
1.70227607640475e+002	3.33375066010531e+001
1.74192717991216e+002	3.32803920453580e+001
1.78250187626749e+002	3.32219014676948e+001
1.82402167871181e+002	3.31620819564134e+001
1.86650860159398e+002	3.31009830198099e+001
1.90998517204287e+002	3.30386565582482e+001
1.95447444191162e+002	3.29751568203975e+001
1.99999999999999e+002	3.29105403435663e+001
2.04658598456150e+002	3.28448658782604e+001
2.09425709610179e+002	3.27781942972116e+001
2.14303861047521e+002	3.27105884892561e+001
2.19295639228636e+002	3.26421132385679e+001
2.24403690860392e+002	3.25728350898811e+001
2.29630724299376e+002	3.25028222004391e+001
2.34979510987905e+002	3.24321441795486e+001
2.40452886923482e+002	3.23608719166899e+001
2.46053754162476e+002	3.22890773992661e+001
2.51785082358833e+002	3.22168335211304e+001
2.57649910338626e+002	3.21442138831419e+001
2.63651347711281e+002	3.20712925870325e+001
2.69792576518330e+002	3.19981440239554e+001
2.76076852920576e+002	3.19248426591076e+001
2.82507508924550e+002	3.18514628138625e+001
2.89087954149185e+002	3.17780784468561e+001
2.95821677633641e+002	3.17047629354846e+001
3.02712249687241e+002	3.16315888592623e+001
3.09763323782495e+002	3.15586277864609e+001
3.16978638492222e+002	3.14859500654262e+001
3.24362019471785e+002	3.14136246219197e+001
3.31917381487511e+002	3.13417187637682e+001
3.39648730492348e+002	3.12702979940522e+001
3.47560165749874e+002	3.11994258339584e+001
3.55655882007783e+002	3.11291636563619e+001
3.63940171721995e+002	3.10595705310789e+001
3.72417427332572e+002	3.09907030826336e+001
3.81092143592648e+002	3.09226153612839e+001
3.89968919951608e+002	3.08553587278977e+001
3.99052462993775e+002	3.07889817531853e+001
4.08347588933904e+002	3.07235301316429e+001
4.17859226170806e+002	3.06590466104430e+001
4.27592417900445e+002	3.05955709333791e+001
4.37552324789909e+002	3.05331397998477e+001
4.47744227713666e+002	3.04717868387258e+001
4.58173530553553e+002	3.04115425968835e+001
4.68845763063983e+002	3.03524345419654e+001
4.79766583803896e+002	3.02944870789561e+001
4.90941783137004e+002	3.02377215799624e+001
5.02377286301914e+002	3.01821564265474e+001
5.14079156553771e+002	3.01278070638773e+001
5.26053598379074e+002	3.00746860658749e+001
5.38306960785381e+002	3.00228032105177e+001
5.50845740667631e+002	2.99721655643684e+001
5.63676586252888e+002	2.99227775754064e+001
5.76806300625319e+002	2.98746411731865e+001
5.90241845333275e+002	2.98277558753607e+001
6.03990344080401e+002	2.97821188995890e+001
6.18059086502716e+002	2.97377252798701e+001
6.32455532033673e+002	2.96945679863523e+001
6.47187313859254e+002	2.96526380477148e+001
6.62262242965179e+002	2.96119246752252e+001
6.77688312278402e+002	2.95724153876511e+001
6.93473700905060e+002	2.95340961362190e+001
7.09626778467148e+002	2.94969514289027e+001
7.26156109540200e+002	2.94609644533388e+001
7.43070458194342e+002	2.94261171977596e+001
7.60378792641119e+002	2.93923905693802e+001
7.78090289988558e+002	2.93597645097278e+001
7.96214341106991e+002	2.93282181064919e+001
8.14760555608222e+002	2.92977297014937e+001
8.33738766940667e+002	2.92682769944706e+001
8.53159037603181e+002	2.92398371424037e+001
8.73031664480328e+002	2.92123868541813e+001
8.93367184301922e+002	2.91859024804404e+001
9.14176379229746e+002	2.91603600984737e+001
9.35470282574392e+002	2.91357355921384e+001
9.57260184645272e+002	2.91120047267453e+001
9.79557638736888e+002	2.90891432189381e+001
1.00237446725454e+003	2.90671268016085e+001
1.02572276798272e+003	2.90459312839282e+001
1.04961492049954e+003	2.90255326065962e+001
1.07406359274050e+003	2.90059068924323e+001
1.09908174771524e+003	2.89870304924519e+001
1.12468265038069e+003	2.89688800275962e+001
1.15087987467431e+003	2.89514324262762e+001
1.17768731071117e+003	2.89346649579256e+001
1.20511917214871e+003	2.89185552627518e+001
1.23319000372296e+003	2.89030813778741e+001
1.26191468896038e+003	2.88882217600595e+001
1.29130845806930e+003	2.88739553052461e+001
1.32138689601518e+003	2.88602613650617e+001
1.35216595078396e+003	2.88471197605329e+001
1.38366194183787e+003	2.88345107931770e+001
1.41589156876827e+003	2.88224152536695e+001
1.44887192014997e+003	2.88108144282702e+001
1.48262048260183e+003	2.87996901031902e+001
1.51715515005836e+003	2.87890245670618e+001
1.55249423325738e+003	2.87788006116911e+001
1.58865646944855e+003	2.87690015312371e+001
1.62566103232819e+003	2.87596111199688e+001
1.66352754220533e+003	2.87506136687484e+001
1.70227607640474e+003	2.87419939603722e+001
1.74192717991215e+003	2.87337372638818e+001
1.78250187626748e+003	2.87258293279847e+001
1.82402167871181e+003	2.87182563736761e+001
1.86650860159397e+003	2.87110050861729e+001
1.90998517204286e+003	2.87040626062532e+001
1.95447444191161e+003	2.86974165210886e+001
1.99999999999999e+003	2.86910548546501e+001
2.04658598456150e+003	2.86849660577643e+001
2.09425709610179e+003	2.86791389978850e+001
2.14303861047520e+003	2.86735629486470e+001
2.19295639228636e+003	2.86682275792529e+001
2.24403690860391e+003	2.86631229437556e+001
2.29630724299375e+003	2.86582394702666e+001
2.34979510987905e+003	2.86535679501505e+001
2.40452886923481e+003	2.86490995272299e+001
2.46053754162475e+003	2.86448256870421e+001
2.51785082358832e+003	2.86407382461737e+001
2.57649910338625e+003	2.86368293417026e+001
2.63651347711280e+003	2.86330914207687e+001
2.69792576518329e+003	2.86295172302935e+001
2.76076852920575e+003	2.86260998068714e+001
2.82507508924549e+003	2.86228324668381e+001
2.89087954149184e+003	2.86197087965389e+001
2.95821677633640e+003	2.86167226428032e+001
3.02712249687240e+003	2.86138681036329e+001
3.09763323782494e+003	2.86111395191153e+001
3.16978638492221e+003	2.86085314625605e+001
3.24362019471784e+003	2.86060387318807e+001
3.31917381487510e+003	2.86036563411926e+001
3.39648730492347e+003	2.86013795126664e+001
3.47560165749873e+003	2.85992036686095e+001
3.55655882007782e+003	2.85971244237873e+001
3.63940171721994e+003	2.85951375779840e+001
3.72417427332571e+003	2.85932391087953e+001
3.81092143592647e+003	2.85914251646550e+001
3.89968919951606e+003	2.85896920580960e+001
3.99052462993773e+003	2.85880362592298e+001
4.08347588933903e+003	2.85864543894585e+001
4.17859226170805e+003	2.85849432153981e+001
4.27592417900444e+003	2.85834996430213e+001
4.37552324789908e+003	2.85821207120090e+001
4.47744227713665e+003	2.85808035903086e+001
4.58173530553552e+003	2.85795455688871e+001
4.68845763063981e+003	2.85783440566889e+001
4.79766583803895e+003	2.85771965757751e+001
4.90941783137003e+003	2.85761007566526e+001
5.02377286301913e+003	2.85750543337817e+001
5.14079156553769e+003	2.85740551412581e+001
5.26053598379073e+003	2.85731011086632e+001
5.38306960785379e+003	2.85721902570813e+001
5.50845740667629e+003	2.85713206952711e+001
5.63676586252887e+003	2.85704906159966e+001
5.76806300625317e+003	2.85696982925006e+001
5.90241845333273e+003	2.85689420751272e+001
6.03990344080399e+003	2.85682203880798e+001
6.18059086502713e+003	2.85675317263151e+001
6.32455532033671e+003	2.85668746525651e+001
6.47187313859252e+003	2.85662477944853e+001
6.62262242965177e+003	2.85656498419222e+001
6.77688312278400e+003	2.85650795442982e+001
6.93473700905058e+003	2.85645357081074e+001
7.09626778467146e+003	2.85640171945191e+001
7.26156109540197e+003	2.85635229170864e+001
7.43070458194339e+003	2.85630518395533e+001
7.60378792641117e+003	2.85626029737591e+001
7.78090289988555e+003	2.85621753776363e+001
7.96214341106988e+003	2.85617681532940e+001
8.14760555608219e+003	2.85613804451934e+001
8.33738766940664e+003	2.85610114383992e+001
8.53159037603179e+003	2.85606603569156e+001
8.73031664480325e+003	2.85603264620959e+001
8.93367184301919e+003	2.85600090511269e+001
9.14176379229743e+003	2.85597074555851e+001
9.35470282574389e+003	2.85594210400554e+001
9.57260184645269e+003	2.85591492008262e+001
9.79557638736884e+003	2.85588913646355e+001
1.00237446725454e+004	2.85586469874858e+001
1.02572276798272e+004	2.85584155535135e+001
1.04961492049954e+004	2.85581965739170e+001
1.07406359274050e+004	2.85579895859367e+001
1.09908174771524e+004	2.85577941518886e+001
1.12468265038069e+004	2.85576098582463e+001
1.15087987467430e+004	2.85574363147747e+001
1.17768731071117e+004	2.85572731537053e+001
1.20511917214871e+004	2.85571200289621e+001
1.23319000372295e+004	2.85569766154240e+001
1.26191468896038e+004	2.85568426082376e+001
1.29130845806930e+004	2.85567177221583e+001
1.32138689601518e+004	2.85566016909443e+001
1.35216595078395e+004	2.85564942667761e+001
1.38366194183786e+004	2.85563952197173e+001
1.41589156876826e+004	2.85563043372105e+001
1.44887192014997e+004	2.85562214236067e+001
1.48262048260182e+004	2.85561462997227e+001
1.51715515005835e+004	2.85560788024382e+001
1.55249423325737e+004	2.85560187843162e+001
1.58865646944855e+004	2.85559661132514e+001
1.62566103232818e+004	2.85559206721581e+001
1.66352754220533e+004	2.85558823586689e+001
1.70227607640474e+004	2.85558510848729e+001
1.74192717991215e+004	2.85558267770719e+001
1.78250187626748e+004	2.85558093755636e+001
1.82402167871180e+004	2.85557988344485e+001
1.86650860159397e+004	2.85557951214561e+001
1.90998517204286e+004	2.85557982177950e+001
1.95447444191160e+004	2.85558081180245e+001
2.00000000000000e+004	2.85558248299416e+001
2.00000000000000e+001	2.90114358897809e+001
2.04658598456151e+001	2.91984569359192e+001
2.09425709610180e+001	2.93821396599893e+001
2.14303861047521e+001	2.95624239280671e+001
2.19295639228637e+001	2.97392543934666e+001
2.24403690860393e+001	2.99125805860436e+001
2.29630724299377e+001	3.00823569791482e+001
2.34979510987906e+001	3.02485430341295e+001
2.40452886923483e+001	3.04111032224045e+001
2.46053754162476e+001	3.05700070253145e+001
2.51785082358833e+001	3.07252289120997e+001
2.57649910338627e+001	3.08767482965057e+001
2.63651347711281e+001	3.10245494726745e+001
2.69792576518331e+001	3.11686215310846e+001
2.76076852920577e+001	3.13089582554786e+001
2.82507508924551e+001	3.14455580017834e+001
2.89087954149185e+001	3.15784235601710e+001
2.95821677633641e+001	3.17075620014795e+001
3.02712249687242e+001	3.18329845093023e+001
3.09763323782496e+001	3.19547061991142e+001
3.16978638492223e+001	3.20727459258582e+001
3.24362019471786e+001	3.21871260814468e+001
3.31917381487512e+001	3.22978723836602e+001
3.39648730492349e+001	3.24050136579332e+001
3.47560165749875e+001	3.25085816135053e+001
3.55655882007784e+001	3.26086106154037e+001
3.63940171721997e+001	3.27051374536981e+001
3.72417427332573e+001	3.27982011114112e+001
3.81092143592649e+001	3.28878425324360e+001
3.89968919951609e+001	3.29741043907403e+001
3.99052462993776e+001	3.30570308620787e+001
4.08347588933906e+001	3.31366673993454e+001
4.17859226170808e+001	3.32130605126503e+001
4.27592417900446e+001	3.32862575550867e+001
4.37552324789910e+001	3.33563065151037e+001
4.47744227713668e+001	3.34232558162940e+001
4.58173530553554e+001	3.34871541253263e+001
4.68845763063984e+001	3.35480501686832e+001
4.79766583803898e+001	3.36059925587522e+001
4.90941783137006e+001	3.36610296297771e+001
5.02377286301916e+001	3.37132092840660e+001
5.14079156553772e+001	3.37625788488099e+001
5.26053598379076e+001	3.38091849437763e+001
5.38306960785383e+001	3.38530733600962e+001
5.50845740667633e+001	3.38942889502950e+001
5.63676586252890e+001	3.39328755296733e+001
5.76806300625321e+001	3.39688757890884e+001
5.90241845333277e+001	3.40023312191517e+001
6.03990344080403e+001	3.40332820458181e+001
6.18059086502718e+001	3.40617671773029e+001
6.32455532033675e+001	3.40878241622418e+001
6.47187313859256e+001	3.41114891589809e+001
6.62262242965182e+001	3.41327969158505e+001
6.77688312278404e+001	3.41517807622717e+001
6.93473700905062e+001	3.41684726105138e+001
7.09626778467150e+001	3.41829029679082e+001
7.26156109540202e+001	3.41951009593034e+001
7.43070458194344e+001	3.42050943595403e+001
7.60378792641121e+001	3.42129096356893e+001
7.78090289988560e+001	3.42185719987990e+001
7.96214341106993e+001	3.42221054648661e+001
8.14760555608224e+001	3.42235329247246e+001
8.33738766940670e+001	3.42228762225255e+001
8.53159037603184e+001	3.42201562424636e+001
8.73031664480331e+001	3.42153930033596e+001
8.93367184301925e+001	3.42086057606967e+001
9.14176379229749e+001	3.41998131156586e+001
9.35470282574395e+001	3.41890331306912e+001
9.57260184645275e+001	3.41762834510663e+001
9.79557638736891e+001	3.41615814318825e+001
1.00237446725454e+002	3.41449442698933e+001
1.02572276798273e+002	3.41263891395094e+001
1.04961492049954e+002	3.41059333322790e+001
1.07406359274050e+002	3.40835943990805e+001
1.09908174771525e+002	3.40593902942515e+001
1.12468265038070e+002	3.40333395207922e+001
1.15087987467431e+002	3.40054612757647e+001
1.17768731071118e+002	3.39757755949559e+001
1.20511917214871e+002	3.39443034958342e+001
1.23319000372296e+002	3.39110671178043e+001
1.26191468896038e+002	3.38760898587256e+001
1.29130845806931e+002	3.38393965066606e+001
1.32138689601519e+002	3.38010133657840e+001
1.35216595078396e+002	3.37609683754028e+001
1.38366194183787e+002	3.37192912210250e+001
1.41589156876827e+002	3.36760134364590e+001
1.44887192014998e+002	3.36311684959260e+001
1.48262048260183e+002	3.35847918952270e+001
1.51715515005836e+002	3.35369212210575e+001
1.55249423325738e+002	3.34875962076165e+001
1.58865646944856e+002	3.34368587797454e+001
1.62566103232819e+002	3.33847530819051e+001
1.66352754220534e+002	3.33313254924125e+001
1.70227607640475e+002	3.32766246224521e+001
1.74192717991216e+002	3.32207012994921e+001
1.78250187626749e+002	3.31636085348786e+001
1.82402167871181e+002	3.31054014754771e+001
1.86650860159398e+002	3.30461373393999e+001
1.90998517204287e+002	3.29858753359632e+001
1.95447444191162e+002	3.29246765701823e+001
1.99999999999999e+002	3.28626039322348e+001
2.04658598456150e+002	3.27997219724655e+001
2.09425709610179e+002	3.27360967626375e+001
2.14303861047521e+002	3.26717957442621e+001
2.19295639228636e+002	3.26068875649648e+001
2.24403690860392e+002	3.25414419039456e+001
2.29630724299376e+002	3.24755292877106e+001
2.34979510987905e+002	3.24092208973317e+001
2.40452886923482e+002	3.23425883685714e+001
2.46053754162476e+002	3.22757035862867e+001
2.51785082358833e+002	3.22086384745636e+001
2.57649910338626e+002	3.21414647840846e+001
2.63651347711281e+002	3.20742538782434e+001
2.69792576518330e+002	3.20070765195432e+001
2.76076852920576e+002	3.19400026577854e+001
2.82507508924550e+002	3.18731012215614e+001
2.89087954149185e+002	3.18064399144957e+001
2.95821677633641e+002	3.17400850176479e+001
3.02712249687241e+002	3.16741011994211e+001
3.09763323782495e+002	3.16085513342363e+001
3.16978638492222e+002	3.15434963311364e+001
3.24362019471785e+002	3.14789949734013e+001
3.31917381487511e+002	3.14151037701222e+001
3.39648730492348e+002	3.13518768205758e+001
3.47560165749874e+002	3.12893656921137e+001
3.55655882007783e+002	3.12276193121409e+001
3.63940171721995e+002	3.11666838746353e+001
3.72417427332572e+002	3.11066027615138e+001
3.81092143592648e+002	3.10474164790184e+001
3.89968919951608e+002	3.09891626091649e+001
3.99052462993775e+002	3.09318757761522e+001
4.08347588933904e+002	3.08755876275243e+001
4.17859226170806e+002	3.08203268297364e+001
4.27592417900445e+002	3.07661190776813e+001
4.37552324789909e+002	3.07129871176119e+001
4.47744227713666e+002	3.06609507828271e+001
4.58173530553553e+002	3.06100270413703e+001
4.68845763063983e+002	3.05602300549622e+001
4.79766583803896e+002	3.05115712482874e+001
4.90941783137004e+002	3.04640593877386e+001
5.02377286301914e+002	3.04177006686721e+001
5.14079156553771e+002	3.03724988102102e+001
5.26053598379074e+002	3.03284551566082e+001
5.38306960785381e+002	3.02855687842152e+001
5.50845740667631e+002	3.02438366130579e+001
5.63676586252888e+002	3.02032535220929e+001
5.76806300625319e+002	3.01638124672181e+001
5.90241845333275e+002	3.01255046011517e+001
6.03990344080401e+002	3.00883193943365e+001
6.18059086502716e+002	3.00522447560818e+001
6.32455532033673e+002	3.00172671551941e+001
6.47187313859254e+002	2.99833717394246e+001
6.62262242965179e+002	2.99505424530966e+001
6.77688312278402e+002	2.99187621523568e+001
6.93473700905060e+002	2.98880127175446e+001
7.09626778467148e+002	2.98582751622406e+001
7.26156109540200e+002	2.98295297386100e+001
7.43070458194342e+002	2.98017560387209e+001
7.60378792641119e+002	2.97749330915755e+001
7.78090289988558e+002	2.97490394556330e+001
7.96214341106991e+002	2.97240533066803e+001
8.14760555608222e+002	2.96999525209187e+001
8.33738766940667e+002	2.96767147532190e+001
8.53159037603181e+002	2.96543175105012e+001
8.73031664480328e+002	2.96327382202618e+001
8.93367184301922e+002	2.96119542942801e+001
9.14176379229746e+002	2.95919431875858e+001
9.35470282574392e+002	2.95726824527824e+001
9.57260184645272e+002	2.95541497898453e+001
9.79557638736888e+002	2.95363230915349e+001
1.00237446725454e+003	2.95191804845850e+001
1.02572276798272e+003	2.95027003668248e+001
1.04961492049954e+003	2.94868614404228e+001
1.07406359274050e+003	2.94716427414281e+001
1.09908174771524e+003	2.94570236658064e+001
1.12468265038069e+003	2.94429839921649e+001
1.15087987467431e+003	2.94295039013492e+001
1.17768731071117e+003	2.94165639931202e+001
1.20511917214871e+003	2.94041453000981e+001
1.23319000372296e+003	2.93922292991527e+001
1.26191468896038e+003	2.93807979204396e+001
1.29130845806930e+003	2.93698335542500e+001
1.32138689601518e+003	2.93593190558508e+001
1.35216595078396e+003	2.93492377484827e+001
1.38366194183787e+003	2.93395734246737e+001
1.41589156876827e+003	2.93303103460199e+001
1.44887192014997e+003	2.93214332415810e+001
1.48262048260183e+003	2.93129273050227e+001
1.51715515005836e+003	2.93047781906426e+001
1.55249423325738e+003	2.92969720083912e+001
1.58865646944855e+003	2.92894953180114e+001
1.62566103232819e+003	2.92823351223951e+001
1.66352754220533e+003	2.92754788602619e+001
1.70227607640474e+003	2.92689143982505e+001
1.74192717991215e+003	2.92626300225009e+001
1.78250187626748e+003	2.92566144298216e+001
1.82402167871181e+003	2.92508567184957e+001
1.86650860159397e+003	2.92453463788064e+001
1.90998517204286e+003	2.92400732833354e+001
1.95447444191161e+003	2.92350276770934e+001
1.99999999999999e+003	2.92302001675263e+001
2.04658598456150e+003	2.92255817144529e+001
2.09425709610179e+003	2.92211636199671e+001
2.14303861047520e+003	2.92169375183421e+001
2.19295639228636e+003	2.92128953659716e+001
2.24403690860391e+003	2.92090294313820e+001
2.29630724299375e+003	2.92053322853288e+001
2.34979510987905e+003	2.92017967910118e+001
2.40452886923481e+003	2.91984160944252e+001
2.46053754162475e+003	2.91951836148608e+001
2.51785082358832e+003	2.91920930355722e+001
2.57649910338625e+003	2.91891382946280e+001
2.63651347711280e+003	2.91863135759470e+001
2.69792576518329e+003	2.91836133005378e+001
2.76076852920575e+003	2.91810321179436e+001
2.82507508924549e+003	2.91785648978978e+001
2.89087954149184e+003	2.91762067222000e+001
2.95821677633640e+003	2.91739528768056e+001
3.02712249687240e+003	2.91717988441425e+001
3.09763323782494e+003	2.91697402956487e+001
3.16978638492221e+003	2.91677730845285e+001
3.24362019471784e+003	2.91658932387386e+001
3.31917381487510e+003	2.91640969541867e+001
3.39648730492347e+003	2.91623805881533e+001
3.47560165749873e+003	2.91607406529283e+001
3.55655882007782e+003	2.91591738096609e+001
3.63940171721994e+003	2.91576768624186e+001
3.72417427332571e+003	2.91562467524515e+001
3.81092143592647e+003	2.91548805526605e+001
3.89968919951606e+003	2.91535754622614e+001
3.99052462993773e+003	2.91523288016424e+001
4.08347588933903e+003	2.91511380074114e+001
4.17859226170805e+003	2.91500006276257e+001
4.27592417900444e+003	2.91489143172003e+001
4.37552324789908e+003	2.91478768334929e+001
4.47744227713665e+003	2.91468860320566e+001
4.58173530553552e+003	2.91459398625555e+001
4.68845763063981e+003	2.91450363648431e+001
4.79766583803895e+003	2.91441736651909e+001
4.90941783137003e+003	2.91433499726715e+001
5.02377286301913e+003	2.91425635756820e+001
5.14079156553769e+003	2.91418128386112e+001
5.26053598379073e+003	2.91410961986402e+001
5.38306960785379e+003	2.91404121626739e+001
5.50845740667629e+003	2.91397593043987e+001
5.63676586252887e+003	2.91391362614659e+001
5.76806300625317e+003	2.91385417327851e+001
5.90241845333273e+003	2.91379744759397e+001
6.03990344080399e+003	2.91374333047039e+001
6.18059086502713e+003	2.91369170866745e+001
6.32455532033671e+003	2.91364247409928e+001
6.47187313859252e+003	2.91359552361736e+001
6.62262242965177e+003	2.91355075880247e+001
6.77688312278400e+003	2.91350808576571e+001
6.93473700905058e+003	2.91346741495826e+001
7.09626778467146e+003	2.91342866098962e+001
7.26156109540197e+003	2.91339174245374e+001
7.43070458194339e+003	2.91335658176327e+001
7.60378792641117e+003	2.91332310499077e+001
7.78090289988555e+003	2.91329124171771e+001
7.96214341106988e+003	2.91326092488964e+001
8.14760555608219e+003	2.91323209067906e+001
8.33738766940664e+003	2.91320467835341e+001
8.53159037603179e+003	2.91317863015030e+001
8.73031664480325e+003	2.91315389115813e+001
8.93367184301919e+003	2.91313040920230e+001
9.14176379229743e+003	2.91310813473727e+001
9.35470282574389e+003	2.91308702074363e+001
9.57260184645269e+003	2.91306702263026e+001
9.79557638736884e+003	2.91304809814147e+001
1.00237446725454e+004	2.91303020726862e+001
1.02572276798272e+004	2.91301331216637e+001
1.04961492049954e+004	2.91299737707355e+001
1.07406359274050e+004	2.91298236823766e+001
1.09908174771524e+004	2.91296825384375e+001
1.12468265038069e+004	2.91295500394721e+001
1.15087987467430e+004	2.91294259041013e+001
1.17768731071117e+004	2.91293098684127e+001
1.20511917214871e+004	2.91292016853987e+001
1.23319000372295e+004	2.91291011244215e+001
1.26191468896038e+004	2.91290079707173e+001
1.29130845806930e+004	2.91289220249255e+001
1.32138689601518e+004	2.91288431026539e+001
1.35216595078395e+004	2.91287710340693e+001
1.38366194183786e+004	2.91287056635154e+001
1.41589156876826e+004	2.91286468491606e+001
1.44887192014997e+004	2.91285944626727e+001
1.48262048260182e+004	2.91285483889113e+001
1.51715515005835e+004	2.91285085256559e+001
1.55249423325737e+004	2.91284747833492e+001
1.58865646944855e+004	2.91284470848628e+001
1.62566103232818e+004	2.91284253652933e+001
1.66352754220533e+004	2.91284095717675e+001
1.70227607640474e+004	2.91283996632783e+001
1.74192717991215e+004	2.91283956105306e+001
1.78250187626748e+004	2.91283973958149e+001
1.82402167871180e+004	2.91284050128924e+001
1.86650860159397e+004	2.91284184668974e+001
1.90998517204286e+004	2.91284377742584e+001
1.95447444191160e+004	2.91284629626331e+001
2.00000000000000e+004	2.91284940708556e+001
2.00000000000000e+001	2.90048509691285e+001
2.04658598456151e+001	2.91915698029056e+001
2.09425709610180e+001	2.93749369208043e+001
2.14303861047521e+001	2.95548916362704e+001
2.19295639228637e+001	2.97313780309028e+001
2.24403690860393e+001	2.99043450434746e+001
2.29630724299377e+001	3.00737465366455e+001
2.34979510987906e+001	3.02395413412672e+001
2.40452886923483e+001	3.04016932783145e+001
2.46053754162476e+001	3.05601711586590e+001
2.51785082358833e+001	3.07149487610368e+001
2.57649910338627e+001	3.08660047887235e+001
2.63651347711281e+001	3.10133228055795e+001
2.69792576518331e+001	3.11568911522529e+001
2.76076852920577e+001	3.12967028434702e+001
2.82507508924551e+001	3.14327554474497e+001
2.89087954149185e+001	3.15650509485902e+001
2.95821677633641e+001	3.16935955946689e+001
3.02712249687242e+001	3.18183997298764e+001
3.09763323782496e+001	3.19394776150677e+001
3.16978638492223e+001	3.20568472366794e+001
3.24362019471786e+001	3.21705301057748e+001
3.31917381487512e+001	3.22805510487269e+001
3.39648730492349e+001	3.23869379910495e+001
3.47560165749875e+001	3.24897217358714e+001
3.55655882007784e+001	3.25889357385542e+001
3.63940171721997e+001	3.26846158789009e+001
3.72417427332573e+001	3.27768002323853e+001
3.81092143592649e+001	3.28655288417636e+001
3.89968919951609e+001	3.29508434903836e+001
3.99052462993776e+001	3.30327874784386e+001
4.08347588933906e+001	3.31114054033270e+001
4.17859226170808e+001	3.31867429452318e+001
4.27592417900446e+001	3.32588466589182e+001
4.37552324789910e+001	3.33277637726891e+001
4.47744227713668e+001	3.33935419953427e+001
4.58173530553554e+001	3.34562293318903e+001
4.68845763063984e+001	3.35158739087205e+001
4.79766583803898e+001	3.35725238087919e+001
4.90941783137006e+001	3.36262269173751e+001
5.02377286301916e+001	3.36770307787763e+001
5.14079156553772e+001	3.37249824644111e+001
5.26053598379076e+001	3.37701284525077e+001
5.38306960785383e+001	3.38125145196712e+001
5.50845740667633e+001	3.38521856444746e+001
5.63676586252890e+001	3.38891859231696e+001
5.76806300625321e+001	3.39235584975793e+001
5.90241845333277e+001	3.39553454951639e+001
6.03990344080403e+001	3.39845879812148e+001
6.18059086502718e+001	3.40113259230884e+001
6.32455532033675e+001	3.40355981663479e+001
6.47187313859256e+001	3.40574424226436e+001
6.62262242965182e+001	3.40768952691258e+001
6.77688312278404e+001	3.40939921591540e+001
6.93473700905062e+001	3.41087674440229e+001
7.09626778467150e+001	3.41212544054044e+001
7.26156109540202e+001	3.41314852981614e+001
7.43070458194344e+001	3.41394914031572e+001
7.60378792641121e+001	3.41453030896551e+001
7.78090289988560e+001	3.41489498868633e+001
7.96214341106993e+001	3.41504605641361e+001
8.14760555608224e+001	3.41498632193191e+001
8.33738766940670e+001	3.41471853746668e+001
8.53159037603184e+001	3.41424540797338e+001
8.73031664480331e+001	3.41356960205931e+001
8.93367184301925e+001	3.41269376346825e+001
9.14176379229749e+001	3.41162052305418e+001
9.35470282574395e+001	3.41035251116598e+001
9.57260184645275e+001	3.40889237035957e+001
9.79557638736891e+001	3.40724276834983e+001
1.00237446725454e+002	3.40540641111048e+001
1.02572276798273e+002	3.40338605602592e+001
1.04961492049954e+002	3.40118452499485e+001
1.07406359274050e+002	3.39880471738313e+001
1.09908174771525e+002	3.39624962271928e+001
1.12468265038070e+002	3.39352233302573e+001
1.15087987467431e+002	3.39062605467554e+001
1.17768731071118e+002	3.38756411966608e+001
1.20511917214871e+002	3.38433999619940e+001
1.23319000372296e+002	3.38095729846308e+001
1.26191468896038e+002	3.37741979550528e+001
1.29130845806931e+002	3.37373141910455e+001
1.32138689601519e+002	3.36989627053710e+001
1.35216595078396e+002	3.36591862615307e+001
1.38366194183787e+002	3.36180294167865e+001
1.41589156876827e+002	3.35755385517210e+001
1.44887192014998e+002	3.35317618856883e+001
1.48262048260183e+002	3.34867494776399e+001
1.51715515005836e+002	3.34405532119219e+001
1.55249423325738e+002	3.33932267687618e+001
1.58865646944856e+002	3.33448255793121e+001
1.62566103232819e+002	3.32954067652522e+001
1.66352754220534e+002	3.32450290630920e+001
1.70227607640475e+002	3.31937527334895e+001
1.74192717991216e+002	3.31416394560066e+001
1.78250187626749e+002	3.30887522099252e+001
1.82402167871181e+002	3.30351551418358e+001
1.86650860159398e+002	3.29809134208910e+001
1.90998517204287e+002	3.29260930827262e+001
1.95447444191162e+002	3.28707608631666e+001
1.99999999999999e+002	3.28149840229695e+001
2.04658598456150e+002	3.27588301649194e+001
2.09425709610179e+002	3.27023670446993e+001
2.14303861047521e+002	3.26456623770092e+001
2.19295639228636e+002	3.25887836384684e+001
2.24403690860392e+002	3.25317978688491e+001
2.29630724299376e+002	3.24747714722230e+001
2.34979510987905e+002	3.24177700195863e+001
2.40452886923482e+002	3.23608580545032e+001
2.46053754162476e+002	3.23040989032842e+001
2.51785082358833e+002	3.22475544911312e+001
2.57649910338626e+002	3.21912851656406e+001
2.63651347711281e+002	3.21353495289337e+001
2.69792576518330e+002	3.20798042796131e+001
2.76076852920576e+002	3.20247040655995e+001
2.82507508924550e+002	3.19701013488115e+001
2.89087954149185e+002	3.19160462824854e+001
2.95821677633641e+002	3.18625866018221e+001
3.02712249687241e+002	3.18097675284822e+001
3.09763323782495e+002	3.17576316893243e+001
3.16978638492222e+002	3.17062190496167e+001
3.24362019471785e+002	3.16555668608295e+001
3.31917381487511e+002	3.16057096229559e+001
3.39648730492348e+002	3.15566790611888e+001
3.47560165749874e+002	3.15085041166445e+001
3.55655882007783e+002	3.14612109507205e+001
3.63940171721995e+002	3.14148229625426e+001
3.72417427332572e+002	3.13693608188809e+001
3.81092143592648e+002	3.13248424958237e+001
3.89968919951608e+002	3.12812833314146e+001
3.99052462993775e+002	3.12386960884103e+001
4.08347588933904e+002	3.11970910262695e+001
4.17859226170806e+002	3.11564759814356e+001
4.27592417900445e+002	3.11168564549700e+001
4.37552324789909e+002	3.10782357065705e+001
4.47744227713666e+002	3.10406148540262e+001
4.58173530553553e+002	3.10039929771439e+001
4.68845763063983e+002	3.09683672252430e+001
4.79766583803896e+002	3.09337329273057e+001
4.90941783137004e+002	3.09000837039351e+001
5.02377286301914e+002	3.08674115803031e+001
5.14079156553771e+002	3.08357070993312e+001
5.26053598379074e+002	3.08049594343839e+001
5.38306960785381e+002	3.07751565008312e+001
5.50845740667631e+002	3.07462850658809e+001
5.63676586252888e+002	3.07183308561498e+001
5.76806300625319e+002	3.06912786624934e+001
5.90241845333275e+002	3.06651124416943e+001
6.03990344080401e+002	3.06398154146390e+001
6.18059086502716e+002	3.06153701606966e+001
6.32455532033673e+002	3.05917587080477e+001
6.47187313859254e+002	3.05689626197827e+001
6.62262242965179e+002	3.05469630756146e+001
6.77688312278402e+002	3.05257409491162e+001
6.93473700905060e+002	3.05052768804255e+001
7.09626778467148e+002	3.04855513444005e+001
7.26156109540200e+002	3.04665447142378e+001
7.43070458194342e+002	3.04482373206038e+001
7.60378792641119e+002	3.04306095063595e+001
7.78090289988558e+002	3.04136416769606e+001
7.96214341106991e+002	3.03973143466724e+001
8.14760555608222e+002	3.03816081807138e+001
8.33738766940667e+002	3.03665040334946e+001
8.53159037603181e+002	3.03519829830969e+001
8.73031664480328e+002	3.03380263621759e+001
8.93367184301922e+002	3.03246157854508e+001
9.14176379229746e+002	3.03117331739644e+001
9.35470282574392e+002	3.02993607762970e+001
9.57260184645272e+002	3.02874811869119e+001
9.79557638736888e+002	3.02760773618149e+001
1.00237446725454e+003	3.02651326317057e+001
1.02572276798272e+003	3.02546307127967e+001
1.04961492049954e+003	3.02445557154692e+001
1.07406359274050e+003	3.02348921509304e+001
1.09908174771524e+003	3.02256249360346e+001
1.12468265038069e+003	3.02167393964195e+001
1.15087987467431e+003	3.02082212680996e+001
1.17768731071117e+003	3.02000566976679e+001
1.20511917214871e+003	3.01922322412254e+001
1.23319000372296e+003	3.01847348621708e+001
1.26191468896038e+003	3.01775519279673e+001
1.29130845806930e+003	3.01706712059980e+001
1.32138689601518e+003	3.01640808586085e+001
1.35216595078396e+003	3.01577694374412e+001
1.38366194183787e+003	3.01517258771477e+001
1.41589156876827e+003	3.01459394885588e+001
1.44887192014997e+003	3.01403999513988e+001
1.48262048260183e+003	3.01350973066052e+001
1.51715515005836e+003	3.01300219483263e+001
1.55249423325738e+003	3.01251646156566e+001
1.58865646944855e+003	3.01205163841597e+001
1.62566103232819e+003	3.01160686572324e+001
1.66352754220533e+003	3.01118131573550e+001
1.70227607640474e+003	3.01077419172735e+001
1.74192717991215e+003	3.01038472711361e+001
1.78250187626748e+003	3.01001218456371e+001
1.82402167871181e+003	3.00965585511831e+001
1.86650860159397e+003	3.00931505731127e+001
1.90998517204286e+003	3.00898913629950e+001
1.95447444191161e+003	3.00867746300248e+001
1.99999999999999e+003	3.00837943325335e+001
2.04658598456150e+003	3.00809446696322e+001
2.09425709610179e+003	3.00782200729995e+001
2.14303861047520e+003	3.00756151988245e+001
2.19295639228636e+003	3.00731249199172e+001
2.24403690860391e+003	3.00707443179939e+001
2.29630724299375e+003	3.00684686761407e+001
2.34979510987905e+003	3.00662934714649e+001
2.40452886923481e+003	3.00642143679363e+001
2.46053754162475e+003	3.00622272094199e+001
2.51785082358832e+003	3.00603280129021e+001
2.57649910338625e+003	3.00585129619178e+001
2.63651347711280e+003	3.00567784001652e+001
2.69792576518329e+003	3.00551208253219e+001
2.76076852920575e+003	3.00535368830519e+001
2.82507508924549e+003	3.00520233612049e+001
2.89087954149184e+003	3.00505771842077e+001
2.95821677633640e+003	3.00491954076400e+001
3.02712249687240e+003	3.00478752129983e+001
3.09763323782494e+003	3.00466139026349e+001
3.16978638492221e+003	3.00454088948815e+001
3.24362019471784e+003	3.00442577193447e+001
3.31917381487510e+003	3.00431580123675e+001
3.39648730492347e+003	3.00421075126610e+001
3.47560165749873e+003	3.00411040570979e+001
3.55655882007782e+003	3.00401455766598e+001
3.63940171721994e+003	3.00392300925452e+001
3.72417427332571e+003	3.00383557124156e+001
3.81092143592647e+003	3.00375206267974e+001
3.89968919951606e+003	3.00367231056161e+001
3.99052462993773e+003	3.00359614948707e+001
4.08347588933903e+003	3.00352342134389e+001
4.17859226170805e+003	3.00345397500081e+001
4.27592417900444e+003	3.00338766601308e+001
4.37552324789908e+003	3.00332435634009e+001
4.47744227713665e+003	3.00326391407439e+001
4.58173530553552e+003	3.00320621318133e+001
4.68845763063981e+003	3.00315113325055e+001
4.79766583803895e+003	3.00309855925656e+001
4.90941783137003e+003	3.00304838133022e+001
5.02377286301913e+003	3.00300049453936e+001
5.14079156553769e+003	3.00295479867879e+001
5.26053598379073e+003	3.00291119806930e+001
5.38306960785379e+003	3.00286960136511e+001
5.50845740667629e+003	3.00282992136965e+001
5.63676586252887e+003	3.00279207485945e+001
5.76806300625317e+003	3.00275598241535e+001
5.90241845333273e+003	3.00272156826125e+001
6.03990344080399e+003	3.00268876011018e+001
6.18059086502713e+003	3.00265748901670e+001
6.32455532033671e+003	3.00262768923614e+001
6.47187313859252e+003	3.00259929809024e+001
6.62262242965177e+003	3.00257225583843e+001
6.77688312278400e+003	3.00254650555533e+001
6.93473700905058e+003	3.00252199301354e+001
7.09626778467146e+003	3.00249866657212e+001
7.26156109540197e+003	3.00247647706986e+001
7.43070458194339e+003	3.00245537772374e+001
7.60378792641117e+003	3.00243532403208e+001
7.78090289988555e+003	3.00241627368228e+001
7.96214341106988e+003	3.00239818646292e+001
8.14760555608219e+003	3.00238102418038e+001
8.33738766940664e+003	3.00236475057873e+001
8.53159037603179e+003	3.00234933126474e+001
8.73031664480325e+003	3.00233473363551e+001
8.93367184301919e+003	3.00232092681034e+001
9.14176379229743e+003	3.00230788156602e+001
9.35470282574389e+003	3.00229557027512e+001
9.57260184645269e+003	3.00228396684809e+001
9.79557638736884e+003	3.00227304667797e+001
1.00237446725454e+004	3.00226278658812e+001
1.02572276798272e+004	3.00225316478313e+001
1.04961492049954e+004	3.00224416080230e+001
1.07406359274050e+004	3.00223575547562e+001
1.09908174771524e+004	3.00222793088287e+001
1.12468265038069e+004	3.00222067031443e+001
1.15087987467430e+004	3.00221395823527e+001
1.17768731071117e+004	3.00220778025047e+001
1.20511917214871e+004	3.00220212307384e+001
1.23319000372295e+004	3.00219697449776e+001
1.26191468896038e+004	3.00219232336592e+001
1.29130845806930e+004	3.00218815954727e+001
1.32138689601518e+004	3.00218447391274e+001
1.35216595078395e+004	3.00218125831315e+001
1.38366194183786e+004	3.00217850555917e+001
1.41589156876826e+004	3.00217620940293e+001
1.44887192014997e+004	3.00217436452160e+001
1.48262048260182e+004	3.00217296650195e+001
1.51715515005835e+004	3.00217201182707e+001
1.55249423325737e+004	3.00217149786436e+001
1.58865646944855e+004	3.00217142285450e+001
1.62566103232818e+004	3.00217178590264e+001
1.66352754220533e+004	3.00217258697008e+001
1.70227607640474e+004	3.00217382686745e+001
1.74192717991215e+004	3.00217550724902e+001
1.78250187626748e+004	3.00217763060831e+001
1.82402167871180e+004	3.00218020027439e+001
1.86650860159397e+004	3.00218322040907e+001
1.90998517204286e+004	3.00218669600520e+001
1.95447444191160e+004	3.00219063288551e+001
2.00000000000000e+004	3.00219503770224e+001
2.00000000000000e+001	2.89918342939969e+001
2.04658598456151e+001	2.91779633695945e+001
2.09425709610180e+001	2.93607153202605e+001
2.14303861047521e+001	2.95400284807411e+001
2.19295639228637e+001	2.97158459270276e+001
2.24403690860393e+001	2.98881155657628e+001
2.29630724299377e+001	3.00567902014970e+001
2.34979510987906e+001	3.02218275817125e+001
2.40452886923483e+001	3.03831904196630e+001
2.46053754162476e+001	3.05408463952684e+001
2.51785082358833e+001	3.06947681344387e+001
2.57649910338627e+001	3.08449331673596e+001
2.63651347711281e+001	3.09913238664379e+001
2.69792576518331e+001	3.11339273647043e+001
2.76076852920577e+001	3.12727354556477e+001
2.82507508924551e+001	3.14077444755379e+001
2.89087954149185e+001	3.15389551694173e+001
2.95821677633641e+001	3.16663725420420e+001
3.02712249687242e+001	3.17900056951174e+001
3.09763323782496e+001	3.19098676522611e+001
3.16978638492223e+001	3.20259751731656e+001
3.24362019471786e+001	3.21383485584743e+001
3.31917381487512e+001	3.22470114469119e+001
3.39648730492349e+001	3.23519906062305e+001
3.47560165749875e+001	3.24533157194970e+001
3.55655882007784e+001	3.25510191682765e+001
3.63940171721997e+001	3.26451358141953e+001
3.72417427332573e+001	3.27357027803585e+001
3.81092143592649e+001	3.28227592340268e+001
3.89968919951609e+001	3.29063461719072e+001
3.99052462993776e+001	3.29865062093450e+001
4.08347588933906e+001	3.30632833746167e+001
4.17859226170808e+001	3.31367229094684e+001
4.27592417900446e+001	3.32068710769304e+001
4.37552324789910e+001	3.32737749773714e+001
4.47744227713668e+001	3.33374823736538e+001
4.58173530553554e+001	3.33980415261625e+001
4.68845763063984e+001	3.34555010383949e+001
4.79766583803898e+001	3.35099097136809e+001
4.90941783137006e+001	3.35613164235536e+001
5.02377286301916e+001	3.36097699881477e+001
5.14079156553772e+001	3.36553190689693e+001
5.26053598379076e+001	3.36980120742432e+001
5.38306960785383e+001	3.37378970770036e+001
5.50845740667633e+001	3.37750217459774e+001
5.63676586252890e+001	3.38094332892603e+001
5.76806300625321e+001	3.38411784106795e+001
5.90241845333277e+001	3.38703032786985e+001
6.03990344080403e+001	3.38968535076069e+001
6.18059086502718e+001	3.39208741507091e+001
6.32455532033675e+001	3.39424097051249e+001
6.47187313859256e+001	3.39615041277747e+001
6.62262242965182e+001	3.39782008620366e+001
6.77688312278404e+001	3.39925428745190e+001
6.93473700905062e+001	3.40045727013179e+001
7.09626778467150e+001	3.40143325030755e+001
7.26156109540202e+001	3.40218641280932e+001
7.43070458194344e+001	3.40272091827107e+001
7.60378792641121e+001	3.40304091080829e+001
7.78090289988560e+001	3.40315052624643e+001
7.96214341106993e+001	3.40305390080452e+001
8.14760555608224e+001	3.40275518013417e+001
8.33738766940670e+001	3.40225852861068e+001
8.53159037603184e+001	3.40156813876897e+001
8.73031664480331e+001	3.40068824077509e+001
8.93367184301925e+001	3.39962311182028e+001
9.14176379229749e+001	3.39837708532503e+001
9.35470282574395e+001	3.39695455983835e+001
9.57260184645275e+001	3.39536000751924e+001
9.79557638736891e+001	3.39359798208797e+001
1.00237446725454e+002	3.39167312613743e+001
1.02572276798273e+002	3.38959017769862e+001
1.04961492049954e+002	3.38735397596010e+001
1.07406359274050e+002	3.38496946604519e+001
1.09908174771525e+002	3.38244170276087e+001
1.12468265038070e+002	3.37977585323869e+001
1.15087987467431e+002	3.37697719839978e+001
1.17768731071118e+002	3.37405113318497e+001
1.20511917214871e+002	3.37100316550508e+001
1.23319000372296e+002	3.36783891387809e+001
1.26191468896038e+002	3.36456410373376e+001
1.29130845806931e+002	3.36118456238173e+001
1.32138689601519e+002	3.35770621265234e+001
1.35216595078396e+002	3.35413506523590e+001
1.38366194183787e+002	3.35047720975990e+001
1.41589156876827e+002	3.34673880466051e+001
1.44887192014998e+002	3.34292606591687e+001
1.48262048260183e+002	3.33904525473179e+001
1.51715515005836e+002	3.33510266425619e+001
1.55249423325738e+002	3.33110460546413e+001
1.58865646944856e+002	3.32705739229858e+001
1.62566103232819e+002	3.32296732621484e+001
1.66352754220534e+002	3.31884068025741e+001
1.70227607640475e+002	3.31468368281144e+001
1.74192717991216e+002	3.31050250117293e+001
1.78250187626749e+002	3.30630322508565e+001
1.82402167871181e+002	3.30209185038988e+001
1.86650860159398e+002	3.29787426292935e+001
1.90998517204287e+002	3.29365622285584e+001
1.95447444191162e+002	3.28944334946738e+001
1.99999999999999e+002	3.28524110670752e+001
2.04658598456150e+002	3.28105478944430e+001
2.09425709610179e+002	3.27688951063765e+001
2.14303861047521e+002	3.27275018949129e+001
2.19295639228636e+002	3.26864154067473e+001
2.24403690860392e+002	3.26456806468445e+001
2.29630724299376e+002	3.26053403940303e+001
2.34979510987905e+002	3.25654351289825e+001
2.40452886923482e+002	3.25260029749061e+001
2.46053754162476e+002	3.24870796510448e+001
2.51785082358833e+002	3.24486984390326e+001
2.57649910338626e+002	3.24108901619636e+001
2.63651347711281e+002	3.23736831759305e+001
2.69792576518330e+002	3.23371033736729e+001
2.76076852920576e+002	3.23011741998604e+001
2.82507508924550e+002	3.22659166774564e+001
2.89087954149185e+002	3.22313494445172e+001
2.95821677633641e+002	3.21974888007041e+001
3.02712249687241e+002	3.21643487627551e+001
3.09763323782495e+002	3.21319411280959e+001
3.16978638492222e+002	3.21002755457375e+001
3.24362019471785e+002	3.20693595936196e+001
3.31917381487511e+002	3.20391988615109e+001
3.39648730492348e+002	3.20097970386110e+001
3.47560165749874e+002	3.19811560049964e+001
3.55655882007783e+002	3.19532759260908e+001
3.63940171721995e+002	3.19261553493462e+001
3.72417427332572e+002	3.18997913023833e+001
3.81092143592648e+002	3.18741793918701e+001
3.89968919951608e+002	3.18493139024637e+001
3.99052462993775e+002	3.18251878951944e+001
4.08347588933904e+002	3.18017933047276e+001
4.17859226170806e+002	3.17791210349839e+001
4.27592417900445e+002	3.17571610526668e+001
4.37552324789909e+002	3.17359024782854e+001
4.47744227713666e+002	3.17153336743338e+001
4.58173530553553e+002	3.16954423303185e+001
4.68845763063983e+002	3.16762155444023e+001
4.79766583803896e+002	3.16576399014564e+001
4.90941783137004e+002	3.16397015473700e+001
5.02377286301914e+002	3.16223862595170e+001
5.14079156553771e+002	3.16056795132967e+001
5.26053598379074e+002	3.15895665447206e+001
5.38306960785381e+002	3.15740324090456e+001
5.50845740667631e+002	3.15590620354710e+001
5.63676586252888e+002	3.15446402779619e+001
5.76806300625319e+002	3.15307519622672e+001
5.90241845333275e+002	3.15173819292262e+001
6.03990344080401e+002	3.15045150744800e+001
6.18059086502716e+002	3.14921363847013e+001
6.32455532033673e+002	3.14802309704874e+001
6.47187313859254e+002	3.14687840960555e+001
6.62262242965179e+002	3.14577812058876e+001
6.77688312278402e+002	3.14472079484827e+001
6.93473700905060e+002	3.14370501973717e+001
7.09626778467148e+002	3.14272940695534e+001
7.26156109540200e+002	3.14179259415068e+001
7.43070458194342e+002	3.14089324629359e+001
7.60378792641119e+002	3.14003005684044e+001
7.78090289988558e+002	3.13920174870016e+001
7.96214341106991e+002	3.13840707501951e+001
8.14760555608222e+002	3.13764481979990e+001
8.33738766940667e+002	3.13691379836044e+001
8.53159037603181e+002	3.13621285765937e+001
8.73031664480328e+002	3.13554087648647e+001
8.93367184301922e+002	3.13489676553822e+001
9.14176379229746e+002	3.13427946738682e+001
9.35470282574392e+002	3.13368795635368e+001
9.57260184645272e+002	3.13312123829665e+001
9.79557638736888e+002	3.13257835032136e+001
1.00237446725454e+003	3.13205836042397e+001
1.02572276798272e+003	3.13156036707452e+001
1.04961492049954e+003	3.13108349874791e+001
1.07406359274050e+003	3.13062691340907e+001
1.09908174771524e+003	3.13018979795948e+001
1.12468265038069e+003	3.12977136765049e+001
1.15087987467431e+003	3.12937086546881e+001
1.17768731071117e+003	3.12898756149936e+001
1.20511917214871e+003	3.12862075227000e+001
1.23319000372296e+003	3.12826976008205e+001
1.26191468896038e+003	3.12793393233046e+001
1.29130845806930e+003	3.12761264081733e+001
1.32138689601518e+003	3.12730528106103e+001
1.35216595078396e+003	3.12701127160478e+001
1.38366194183787e+003	3.12673005332607e+001
1.41589156876827e+003	3.12646108874972e+001
1.44887192014997e+003	3.12620386136633e+001
1.48262048260183e+003	3.12595787495794e+001
1.51715515005836e+003	3.12572265293208e+001
1.55249423325738e+003	3.12549773766604e+001
1.58865646944855e+003	3.12528268986183e+001
1.62566103232819e+003	3.12507708791338e+001
1.66352754220533e+003	3.12488052728600e+001
1.70227607640474e+003	3.12469261991043e+001
1.74192717991215e+003	3.12451299358922e+001
1.78250187626748e+003	3.12434129141914e+001
1.82402167871181e+003	3.12417717122738e+001
1.86650860159397e+003	3.12402030502304e+001
1.90998517204286e+003	3.12387037846393e+001
1.95447444191161e+003	3.12372709033830e+001
1.99999999999999e+003	3.12359015206237e+001
2.04658598456150e+003	3.12345928719259e+001
2.09425709610179e+003	3.12333423095355e+001
2.14303861047520e+003	3.12321472978064e+001
2.19295639228636e+003	3.12310054087766e+001
2.24403690860391e+003	3.12299143178949e+001
2.29630724299375e+003	3.12288717998861e+001
2.34979510987905e+003	3.12278757247646e+001
2.40452886923481e+003	3.12269240539839e+001
2.46053754162475e+003	3.12260148367244e+001
2.51785082358832e+003	3.12251462063127e+001
2.57649910338625e+003	3.12243163767766e+001
2.63651347711280e+003	3.12235236395208e+001
2.69792576518329e+003	3.12227663601299e+001
2.76076852920575e+003	3.12220429752940e+001
2.82507508924549e+003	3.12213519898448e+001
2.89087954149184e+003	3.12206919739151e+001
2.95821677633640e+003	3.12200615602004e+001
3.02712249687240e+003	3.12194594413298e+001
3.09763323782494e+003	3.12188843673438e+001
3.16978638492221e+003	3.12183351432664e+001
3.24362019471784e+003	3.12178106267823e+001
3.31917381487510e+003	3.12173097259969e+001
3.39648730492347e+003	3.12168313972997e+001
3.47560165749873e+003	3.12163746433011e+001
3.55655882007782e+003	3.12159385108670e+001
3.63940171721994e+003	3.12155220892270e+001
3.72417427332571e+003	3.12151245081587e+001
3.81092143592647e+003	3.12147449362569e+001
3.89968919951606e+003	3.12143825792654e+001
3.99052462993773e+003	3.12140366784864e+001
4.08347588933903e+003	3.12137065092539e+001
4.17859226170805e+003	3.12133913794710e+001
4.27592417900444e+003	3.12130906282123e+001
4.37552324789908e+003	3.12128036243843e+001
4.47744227713665e+003	3.12125297654473e+001
4.58173530553552e+003	3.12122684761835e+001
4.68845763063981e+003	3.12120192075317e+001
4.79766583803895e+003	3.12117814354614e+001
4.90941783137003e+003	3.12115546599031e+001
5.02377286301913e+003	3.12113384037221e+001
5.14079156553769e+003	3.12111322117412e+001
5.26053598379073e+003	3.12109356498026e+001
5.38306960785379e+003	3.12107483038759e+001
5.50845740667629e+003	3.12105697792039e+001
5.63676586252887e+003	3.12103996994869e+001
5.76806300625317e+003	3.12102377061049e+001
5.90241845333273e+003	3.12100834573749e+001
6.03990344080399e+003	3.12099366278427e+001
6.18059086502713e+003	3.12097969076079e+001
6.32455532033671e+003	3.12096640016770e+001
6.47187313859252e+003	3.12095376293518e+001
6.62262242965177e+003	3.12094175236434e+001
6.77688312278400e+003	3.12093034307156e+001
6.93473700905058e+003	3.12091951093523e+001
7.09626778467146e+003	3.12090923304546e+001
7.26156109540197e+003	3.12089948765596e+001
7.43070458194339e+003	3.12089025413837e+001
7.60378792641117e+003	3.12088151293893e+001
7.78090289988555e+003	3.12087324553716e+001
7.96214341106988e+003	3.12086543440682e+001
8.14760555608219e+003	3.12085806297888e+001
8.33738766940664e+003	3.12085111560625e+001
8.53159037603179e+003	3.12084457753058e+001
8.73031664480325e+003	3.12083843485079e+001
8.93367184301919e+003	3.12083267449317e+001
9.14176379229743e+003	3.12082728418341e+001
9.35470282574389e+003	3.12082225242003e+001
9.57260184645269e+003	3.12081756844948e+001
9.79557638736884e+003	3.12081322224263e+001
1.00237446725454e+004	3.12080920447267e+001
1.02572276798272e+004	3.12080550649424e+001
1.04961492049954e+004	3.12080212032461e+001
1.07406359274050e+004	3.12079903862491e+001
1.09908174771524e+004	3.12079625468371e+001
1.12468265038069e+004	3.12079376240107e+001
1.15087987467430e+004	3.12079155627420e+001
1.17768731071117e+004	3.12078963138355e+001
1.20511917214871e+004	3.12078798338101e+001
1.23319000372295e+004	3.12078660847775e+001
1.26191468896038e+004	3.12078550343422e+001
1.29130845806930e+004	3.12078466555034e+001
1.32138689601518e+004	3.12078409265681e+001
1.35216595078395e+004	3.12078378310744e+001
1.38366194183786e+004	3.12078373577165e+001
1.41589156876826e+004	3.12078395002836e+001
1.44887192014997e+004	3.12078442576047e+001
1.48262048260182e+004	3.12078516334929e+001
1.51715515005835e+004	3.12078616367074e+001
1.55249423325737e+004	3.12078742809109e+001
1.58865646944855e+004	3.12078895846349e+001
1.62566103232818e+004	3.12079075712534e+001
1.66352754220533e+004	3.12079282689526e+001
1.70227607640474e+004	3.12079517107123e+001
1.74192717991215e+004	3.12079779342798e+001
1.78250187626748e+004	3.12080069821542e+001
1.82402167871180e+004	3.12080389015676e+001
1.86650860159397e+004	3.12080737444641e+001
1.90998517204286e+004	3.12081115674799e+001
1.95447444191160e+004	3.12081524319220e+001
2.00000000000000e+004	3.12081964037397e+001
2.00000000000000e+001	2.89665770232012e+001
2.04658598456151e+001	2.91515996885022e+001
2.09425709610180e+001	2.93332011284682e+001
2.14303861047521e+001	2.95113183164210e+001
2.19295639228637e+001	2.96858929632349e+001
2.24403690860393e+001	2.98568716113665e+001
2.29630724299377e+001	3.00242057072864e+001
2.34979510987906e+001	3.01878516522809e+001
2.40452886923483e+001	3.03477708317034e+001
2.46053754162476e+001	3.05039296229760e+001
2.51785082358833e+001	3.06562993827480e+001
2.57649910338627e+001	3.08048564138039e+001
2.63651347711281e+001	3.09495819124579e+001
2.69792576518331e+001	3.10904618972916e+001
2.76076852920577e+001	3.12274871202486e+001
2.82507508924551e+001	3.13606529611998e+001
2.89087954149185e+001	3.14899593072056e+001
2.95821677633641e+001	3.16154104177938e+001
3.02712249687242e+001	3.17370147776569e+001
3.09763323782496e+001	3.18547849382245e+001
3.16978638492223e+001	3.19687373496323e+001
3.24362019471786e+001	3.20788921846211e+001
3.31917381487512e+001	3.21852731559409e+001
3.39648730492349e+001	3.22879073288232e+001
3.47560165749875e+001	3.23868249300700e+001
3.55655882007784e+001	3.24820591552895e+001
3.63940171721997e+001	3.25736459757686e+001
3.72417427332573e+001	3.26616239463990e+001
3.81092143592649e+001	3.27460340160397e+001
3.89968919951609e+001	3.28269193415847e+001
3.99052462993776e+001	3.29043251069533e+001
4.08347588933906e+001	3.29782983480868e+001
4.17859226170808e+001	3.30488877849688e+001
4.27592417900446e+001	3.31161436615447e+001
4.37552324789910e+001	3.31801175943209e+001
4.47744227713668e+001	3.32408624302914e+001
4.58173530553554e+001	3.32984321147251e+001
4.68845763063984e+001	3.33528815692244e+001
4.79766583803898e+001	3.34042665803224e+001
4.90941783137006e+001	3.34526436987938e+001
5.02377286301916e+001	3.34980701496925e+001
5.14079156553772e+001	3.35406037530497e+001
5.26053598379076e+001	3.35803028550068e+001
5.38306960785383e+001	3.36172262690782e+001
5.50845740667633e+001	3.36514332271095e+001
5.63676586252890e+001	3.36829833394088e+001
5.76806300625321e+001	3.37119365634166e+001
5.90241845333277e+001	3.37383531802072e+001
6.03990344080403e+001	3.37622937780332e+001
6.18059086502718e+001	3.37838192420351e+001
6.32455532033675e+001	3.38029907492091e+001
6.47187313859256e+001	3.38198697676489e+001
6.62262242965182e+001	3.38345180590533e+001
6.77688312278404e+001	3.38469976834582e+001
6.93473700905062e+001	3.38573710051458e+001
7.09626778467150e+001	3.38657006986716e+001
7.26156109540202e+001	3.38720497539715e+001
7.43070458194344e+001	3.38764814795394e+001
7.60378792641121e+001	3.38790595026868e+001
7.78090289988560e+001	3.38798477659800e+001
7.96214341106993e+001	3.38789105189900e+001
8.14760555608224e+001	3.38763123045829e+001
8.33738766940670e+001	3.38721179390626e+001
8.53159037603184e+001	3.38663924855966e+001
8.73031664480331e+001	3.38592012204368e+001
8.93367184301925e+001	3.38506095916020e+001
9.14176379229749e+001	3.38406831697917e+001
9.35470282574395e+001	3.38294875914346e+001
9.57260184645275e+001	3.38170884939266e+001
9.79557638736891e+001	3.38035514432229e+001
1.00237446725454e+002	3.37889418541012e+001
1.02572276798273e+002	3.37733249035291e+001
1.04961492049954e+002	3.37567654377034e+001
1.07406359274050e+002	3.37393278734262e+001
1.09908174771525e+002	3.37210760946058e+001
1.12468265038070e+002	3.37020733447446e+001
1.15087987467431e+002	3.36823821163660e+001
1.17768731071118e+002	3.36620640383860e+001
1.20511917214871e+002	3.36411797624842e+001
1.23319000372296e+002	3.36197888495562e+001
1.26191468896038e+002	3.35979496573359e+001
1.29130845806931e+002	3.35757192302841e+001
1.32138689601519e+002	3.35531531927911e+001
1.35216595078396e+002	3.35303056467254e+001
1.38366194183787e+002	3.35072290742805e+001
1.41589156876827e+002	3.34839742470299e+001
1.44887192014998e+002	3.34605901419901e+001
1.48262048260183e+002	3.34371238654104e+001
1.51715515005836e+002	3.34136205849137e+001
1.55249423325738e+002	3.33901234704897e+001
1.58865646944856e+002	3.33666736447411e+001
1.62566103232819e+002	3.33433101426584e+001
1.66352754220534e+002	3.33200698810946e+001
1.70227607640475e+002	3.32969876379956e+001
1.74192717991216e+002	3.32740960413192e+001
1.78250187626749e+002	3.32514255675018e+001
1.82402167871181e+002	3.32290045492027e+001
1.86650860159398e+002	3.32068591919969e+001
1.90998517204287e+002	3.31850135995831e+001
1.95447444191162e+002	3.31634898070277e+001
1.99999999999999e+002	3.31423078214934e+001
2.04658598456150e+002	3.31214856698558e+001
2.09425709610179e+002	3.31010394525824e+001
2.14303861047521e+002	3.30809834032089e+001
2.19295639228636e+002	3.30613299527510e+001
2.24403690860392e+002	3.30420897983599e+001
2.29630724299376e+002	3.30232719755560e+001
2.34979510987905e+002	3.30048839333713e+001
2.40452886923482e+002	3.29869316117486e+001
2.46053754162476e+002	3.29694195205839e+001
2.51785082358833e+002	3.29523508198147e+001
2.57649910338626e+002	3.29357273999918e+001
2.63651347711281e+002	3.29195499628191e+001
2.69792576518330e+002	3.29038181011841e+001
2.76076852920576e+002	3.28885303782283e+001
2.82507508924550e+002	3.28736844050779e+001
2.89087954149185e+002	3.28592769168764e+001
2.95821677633641e+002	3.28453038468071e+001
3.02712249687241e+002	3.28317603978495e+001
3.09763323782495e+002	3.28186411120385e+001
3.16978638492222e+002	3.28059399370404e+001
3.24362019471785e+002	3.27936502899030e+001
3.31917381487511e+002	3.27817651178619e+001
3.39648730492348e+002	3.27702769561239e+001
3.47560165749874e+002	3.27591779825737e+001
3.55655882007783e+002	3.27484600693891e+001
3.63940171721995e+002	3.27381148315502e+001
3.72417427332572e+002	3.27281336722810e+001
3.81092143592648e+002	3.27185078254534e+001
3.89968919951608e+002	3.27092283950192e+001
3.99052462993775e+002	3.27002863915368e+001
4.08347588933904e+002	3.26916727658874e+001
4.17859226170806e+002	3.26833784402629e+001
4.27592417900445e+002	3.26753943365413e+001
4.37552324789909e+002	3.26677114021471e+001
4.47744227713666e+002	3.26603206335258e+001
4.58173530553553e+002	3.26532130973313e+001
4.68845763063983e+002	3.26463799494643e+001
4.79766583803896e+002	3.26398124520658e+001
4.90941783137004e+002	3.26335019885976e+001
5.02377286301914e+002	3.26274400771199e+001
5.14079156553771e+002	3.26216183818876e+001
5.26053598379074e+002	3.26160287233753e+001
5.38306960785381e+002	3.26106630868437e+001
5.50845740667631e+002	3.26055136295587e+001
5.63676586252888e+002	3.26005726867535e+001
5.76806300625319e+002	3.25958327764492e+001
5.90241845333275e+002	3.25912866032166e+001
6.03990344080401e+002	3.25869270609730e+001
6.18059086502716e+002	3.25827472348996e+001
6.32455532033673e+002	3.25787404025584e+001
6.47187313859254e+002	3.25749000342886e+001
6.62262242965179e+002	3.25712197929496e+001
6.77688312278402e+002	3.25676935330770e+001
6.93473700905060e+002	3.25643152995214e+001
7.09626778467148e+002	3.25610793256193e+001
7.26156109540200e+002	3.25579800309552e+001
7.43070458194342e+002	3.25550120187640e+001
7.60378792641119e+002	3.25521700730218e+001
7.78090289988558e+002	3.25494491552621e+001
7.96214341106991e+002	3.25468444011696e+001
8.14760555608222e+002	3.25443511169674e+001
8.33738766940667e+002	3.25419647756517e+001
8.53159037603181e+002	3.25396810130912e+001
8.73031664480328e+002	3.25374956240240e+001
8.93367184301922e+002	3.25354045579714e+001
9.14176379229746e+002	3.25334039150980e+001
9.35470282574392e+002	3.25314899420369e+001
9.57260184645272e+002	3.25296590276900e+001
9.79557638736888e+002	3.25279076990335e+001
1.00237446725454e+003	3.25262326169308e+001
1.02572276798272e+003	3.25246305719731e+001
1.04961492049954e+003	3.25230984803555e+001
1.07406359274050e+003	3.25216333797999e+001
1.09908174771524e+003	3.25202324255334e+001
1.12468265038069e+003	3.25188928863305e+001
1.15087987467431e+003	3.25176121406216e+001
1.17768731071117e+003	3.25163876726792e+001
1.20511917214871e+003	3.25152170688839e+001
1.23319000372296e+003	3.25140980140681e+001
1.26191468896038e+003	3.25130282879544e+001
1.29130845806930e+003	3.25120057616755e+001
1.32138689601518e+003	3.25110283943878e+001
1.35216595078396e+003	3.25100942299762e+001
1.38366194183787e+003	3.25092013938525e+001
1.41589156876827e+003	3.25083480898442e+001
1.44887192014997e+003	3.25075325971787e+001
1.48262048260183e+003	3.25067532675591e+001
1.51715515005836e+003	3.25060085223330e+001
1.55249423325738e+003	3.25052968497508e+001
1.58865646944855e+003	3.25046168023171e+001
1.62566103232819e+003	3.25039669942264e+001
1.66352754220533e+003	3.25033460988900e+001
1.70227607640474e+003	3.25027528465502e+001
1.74192717991215e+003	3.25021860219705e+001
1.78250187626748e+003	3.25016444622184e+001
1.82402167871181e+003	3.25011270545218e+001
1.86650860159397e+003	3.25006327342065e+001
1.90998517204286e+003	3.25001604827072e+001
1.95447444191161e+003	3.24997093256593e+001
1.99999999999999e+003	3.24992783310555e+001
2.04658598456150e+003	3.24988666074772e+001
2.09425709610179e+003	3.24984733023934e+001
2.14303861047520e+003	3.24980976005255e+001
2.19295639228636e+003	3.24977387222740e+001
2.24403690860391e+003	3.24973959222123e+001
2.29630724299375e+003	3.24970684876350e+001
2.34979510987905e+003	3.24967557371671e+001
2.40452886923481e+003	3.24964570194292e+001
2.46053754162475e+003	3.24961717117556e+001
2.51785082358832e+003	3.24958992189645e+001
2.57649910338625e+003	3.24956389721827e+001
2.63651347711280e+003	3.24953904277099e+001
2.69792576518329e+003	3.24951530659390e+001
2.76076852920575e+003	3.24949263903176e+001
2.82507508924549e+003	3.24947099263492e+001
2.89087954149184e+003	3.24945032206450e+001
2.95821677633640e+003	3.24943058400069e+001
3.02712249687240e+003	3.24941173705534e+001
3.09763323782494e+003	3.24939374168837e+001
3.16978638492221e+003	3.24937656012714e+001
3.24362019471784e+003	3.24936015629039e+001
3.31917381487510e+003	3.24934449571407e+001
3.39648730492347e+003	3.24932954548133e+001
3.47560165749873e+003	3.24931527415523e+001
3.55655882007782e+003	3.24930165171443e+001
3.63940171721994e+003	3.24928864949144e+001
3.72417427332571e+003	3.24927624011397e+001
3.81092143592647e+003	3.24926439744819e+001
3.89968919951606e+003	3.24925309654548e+001
3.99052462993773e+003	3.24924231359051e+001
4.08347588933903e+003	3.24923202585219e+001
4.17859226170805e+003	3.24922221163660e+001
4.27592417900444e+003	3.24921285024207e+001
4.37552324789908e+003	3.24920392191635e+001
4.47744227713665e+003	3.24919540781539e+001
4.58173530553552e+003	3.24918728996432e+001
4.68845763063981e+003	3.24917955122006e+001
4.79766583803895e+003	3.24917217523544e+001
4.90941783137003e+003	3.24916514642523e+001
5.02377286301913e+003	3.24915844993352e+001
5.14079156553769e+003	3.24915207160279e+001
5.26053598379073e+003	3.24914599794404e+001
5.38306960785379e+003	3.24914021610875e+001
5.50845740667629e+003	3.24913471386179e+001
5.63676586252887e+003	3.24912947955575e+001
5.76806300625317e+003	3.24912450210646e+001
5.90241845333273e+003	3.24911977096952e+001
6.03990344080399e+003	3.24911527611819e+001
6.18059086502713e+003	3.24911100802220e+001
6.32455532033671e+003	3.24910695762737e+001
6.47187313859252e+003	3.24910311633663e+001
6.62262242965177e+003	3.24909947599161e+001
6.77688312278400e+003	3.24909602885530e+001
6.93473700905058e+003	3.24909276759540e+001
7.09626778467146e+003	3.24908968526885e+001
7.26156109540197e+003	3.24908677530649e+001
7.43070458194339e+003	3.24908403149933e+001
7.60378792641117e+003	3.24908144798459e+001
7.78090289988555e+003	3.24907901923342e+001
7.96214341106988e+003	3.24907674003812e+001
8.14760555608219e+003	3.24907460550140e+001
8.33738766940664e+003	3.24907261102469e+001
8.53159037603179e+003	3.24907075229834e+001
8.73031664480325e+003	3.24906902529162e+001
8.93367184301919e+003	3.24906742624329e+001
9.14176379229743e+003	3.24906595165304e+001
9.35470282574389e+003	3.24906459827302e+001
9.57260184645269e+003	3.24906336309984e+001
9.79557638736884e+003	3.24906224336738e+001
1.00237446725454e+004	3.24906123653940e+001
1.02572276798272e+004	3.24906034030283e+001
1.04961492049954e+004	3.24905955256166e+001
1.07406359274050e+004	3.24905887143041e+001
1.09908174771524e+004	3.24905829522874e+001
1.12468265038069e+004	3.24905782247553e+001
1.15087987467430e+004	3.24905745188396e+001
1.17768731071117e+004	3.24905718235596e+001
1.20511917214871e+004	3.24905701297765e+001
1.23319000372295e+004	3.24905694301428e+001
1.26191468896038e+004	3.24905697190558e+001
1.29130845806930e+004	3.24905709926119e+001
1.32138689601518e+004	3.24905732485586e+001
1.35216595078395e+004	3.24905764862516e+001
1.38366194183786e+004	3.24905807066037e+001
1.41589156876826e+004	3.24905859120393e+001
1.44887192014997e+004	3.24905921064461e+001
1.48262048260182e+004	3.24905992951194e+001
1.51715515005835e+004	3.24906074847125e+001
1.55249423325737e+004	3.24906166831769e+001
1.58865646944855e+004	3.24906268996989e+001
1.62566103232818e+004	3.24906381446362e+001
1.66352754220533e+004	3.24906504294439e+001
1.70227607640474e+004	3.24906637665965e+001
1.74192717991215e+004	3.24906781694989e+001
1.78250187626748e+004	3.24906936523949e+001
1.82402167871180e+004	3.24907102302603e+001
1.86650860159397e+004	3.24907279186861e+001
1.90998517204286e+004	3.24907467337499e+001
1.95447444191160e+004	3.24907666918732e+001
2.00000000000000e+004	3.24907878096621e+001
2.00000000000000e+001	2.89202869723263e+001
2.04658598456151e+001	2.91034787703986e+001
2.09425709610180e+001	2.92831941318912e+001
2.14303861047521e+001	2.94593699539363e+001
2.19295639228637e+001	2.96319480495724e+001
2.24403690860393e+001	2.98008752605016e+001
2.29630724299377e+001	2.99661035493404e+001
2.34979510987906e+001	3.01275900713232e+001
2.40452886923483e+001	3.02852972255314e+001
2.46053754162476e+001	3.04391926859130e+001
2.51785082358833e+001	3.05892494124615e+001
2.57649910338627e+001	3.07354456430901e+001
2.63651347711281e+001	3.08777648668615e+001
2.69792576518331e+001	3.10161957793401e+001
2.76076852920577e+001	3.11507322209629e+001
2.82507508924551e+001	3.12813730994120e+001
2.89087954149185e+001	3.14081222970470e+001
2.95821677633641e+001	3.15309885645409e+001
3.02712249687242e+001	3.16499854019049e+001
3.09763323782496e+001	3.17651309281199e+001
3.16978638492223e+001	3.18764477406321e+001
3.24362019471786e+001	3.19839627659478e+001
3.31917381487512e+001	3.20877071025770e+001
3.39648730492349e+001	3.21877158575404e+001
3.47560165749875e+001	3.22840279776028e+001
3.55655882007784e+001	3.23766860763629e+001
3.63940171721997e+001	3.24657362582557e+001
3.72417427332573e+001	3.25512279404427e+001
3.81092143592649e+001	3.26332136734948e+001
3.89968919951609e+001	3.27117489616763e+001
3.99052462993776e+001	3.27868920835435e+001
4.08347588933906e+001	3.28587039134751e+001
4.17859226170808e+001	3.29272477446598e+001
4.27592417900446e+001	3.29925891139622e+001
4.37552324789910e+001	3.30547956289999e+001
4.47744227713668e+001	3.31139367976763e+001
4.58173530553554e+001	3.31700838603303e+001
4.68845763063984e+001	3.32233096245975e+001
4.79766583803898e+001	3.32736883030025e+001
4.90941783137006e+001	3.33212953532668e+001
5.02377286301916e+001	3.33662073212496e+001
5.14079156553772e+001	3.34085016864447e+001
5.26053598379076e+001	3.34482567098968e+001
5.38306960785383e+001	3.34855512844371e+001
5.50845740667633e+001	3.35204647871047e+001
5.63676586252890e+001	3.35530769336743e+001
5.76806300625321e+001	3.35834676352011e+001
5.90241845333277e+001	3.36117168565578e+001
6.03990344080403e+001	3.36379044769676e+001
6.18059086502718e+001	3.36621101525793e+001
6.32455532033675e+001	3.36844131811980e+001
6.47187313859256e+001	3.37048923693296e+001
6.62262242965182e+001	3.37236259017445e+001
6.77688312278404e+001	3.37406912138358e+001
6.93473700905062e+001	3.37561648670790e+001
7.09626778467150e+001	3.37701224279566e+001
7.26156109540202e+001	3.37826383507371e+001
7.43070458194344e+001	3.37937858645452e+001
7.60378792641121e+001	3.38036368651516e+001
7.78090289988560e+001	3.38122618119618e+001
7.96214341106993e+001	3.38197296306436e+001
8.14760555608224e+001	3.38261076218552e+001
8.33738766940670e+001	3.38314613764957e+001
8.53159037603184e+001	3.38358546978889e+001
8.73031664480331e+001	3.38393495312541e+001
8.93367184301925e+001	3.38420059007883e+001
9.14176379229749e+001	3.38438818546195e+001
9.35470282574395e+001	3.38450334178316e+001
9.57260184645275e+001	3.38455145537117e+001
9.79557638736891e+001	3.38453771332773e+001
1.00237446725454e+002	3.38446709130994e+001
1.02572276798273e+002	3.38434435213448e+001
1.04961492049954e+002	3.38417404519149e+001
1.07406359274050e+002	3.38396050664692e+001
1.09908174771525e+002	3.38370786040794e+001
1.12468265038070e+002	3.38342001981900e+001
1.15087987467431e+002	3.38310069005186e+001
1.17768731071118e+002	3.38275337114727e+001
1.20511917214871e+002	3.38238136166305e+001
1.23319000372296e+002	3.38198776287992e+001
1.26191468896038e+002	3.38157548351303e+001
1.29130845806931e+002	3.38114724487749e+001
1.32138689601519e+002	3.38070558645258e+001
1.35216595078396e+002	3.38025287179156e+001
1.38366194183787e+002	3.37979129472144e+001
1.41589156876827e+002	3.37932288578191e+001
1.44887192014998e+002	3.37884951884970e+001
1.48262048260183e+002	3.37837291789955e+001
1.51715515005836e+002	3.37789466385487e+001
1.55249423325738e+002	3.37741620148251e+001
1.58865646944856e+002	3.37693884629081e+001
1.62566103232819e+002	3.37646379139166e+001
1.66352754220534e+002	3.37599211429192e+001
1.70227607640475e+002	3.37552478358259e+001
1.74192717991216e+002	3.37506266549633e+001
1.78250187626749e+002	3.37460653031003e+001
1.82402167871181e+002	3.37415705856948e+001
1.86650860159398e+002	3.37371484711906e+001
1.90998517204287e+002	3.37328041492056e+001
1.95447444191162e+002	3.37285420864921e+001
1.99999999999999e+002	3.37243660805832e+001
2.04658598456150e+002	3.37202793110486e+001
2.09425709610179e+002	3.37162843883262e+001
2.14303861047521e+002	3.37123834000994e+001
2.19295639228636e+002	3.37085779552361e+001
2.24403690860392e+002	3.37048692252838e+001
2.29630724299376e+002	3.37012579835743e+001
2.34979510987905e+002	3.36977446419719e+001
2.40452886923482e+002	3.36943292853257e+001
2.46053754162476e+002	3.36910117036956e+001
2.51785082358833e+002	3.36877914224230e+001
2.57649910338626e+002	3.36846677301325e+001
2.63651347711281e+002	3.36816397047428e+001
2.69792576518330e+002	3.36787062375869e+001
2.76076852920576e+002	3.36758660557205e+001
2.82507508924550e+002	3.36731177425230e+001
2.89087954149185e+002	3.36704597566761e+001
2.95821677633641e+002	3.36678904496107e+001
3.02712249687241e+002	3.36654080815204e+001
3.09763323782495e+002	3.36630108360230e+001
3.16978638492222e+002	3.36606968335521e+001
3.24362019471785e+002	3.36584641435761e+001
3.31917381487511e+002	3.36563107957074e+001
3.39648730492348e+002	3.36542347897880e+001
3.47560165749874e+002	3.36522341050196e+001
3.55655882007783e+002	3.36503067082114e+001
3.63940171721995e+002	3.36484505612046e+001
3.72417427332572e+002	3.36466636275405e+001
3.81092143592648e+002	3.36449438784259e+001
3.89968919951608e+002	3.36432892980545e+001
3.99052462993775e+002	3.36416978883284e+001
4.08347588933904e+002	3.36401676730377e+001
4.17859226170806e+002	3.36386967015291e+001
4.27592417900445e+002	3.36372830519183e+001
4.37552324789909e+002	3.36359248338744e+001
4.47744227713666e+002	3.36346201910184e+001
4.58173530553553e+002	3.36333673029639e+001
4.68845763063983e+002	3.36321643870394e+001
4.79766583803896e+002	3.36310096997082e+001
4.90941783137004e+002	3.36299015377245e+001
5.02377286301914e+002	3.36288382390430e+001
5.14079156553771e+002	3.36278181835080e+001
5.26053598379074e+002	3.36268397933406e+001
5.38306960785381e+002	3.36259015334436e+001
5.50845740667631e+002	3.36250019115500e+001
5.63676586252888e+002	3.36241394782147e+001
5.76806300625319e+002	3.36233128266813e+001
5.90241845333275e+002	3.36225205926328e+001
6.03990344080401e+002	3.36217614538342e+001
6.18059086502716e+002	3.36210341296844e+001
6.32455532033673e+002	3.36203373806863e+001
6.47187313859254e+002	3.36196700078491e+001
6.62262242965179e+002	3.36190308520239e+001
6.77688312278402e+002	3.36184187931906e+001
6.93473700905060e+002	3.36178327496960e+001
7.09626778467148e+002	3.36172716774569e+001
7.26156109540200e+002	3.36167345691283e+001
7.43070458194342e+002	3.36162204532479e+001
7.60378792641119e+002	3.36157283933612e+001
7.78090289988558e+002	3.36152574871268e+001
7.96214341106991e+002	3.36148068654180e+001
8.14760555608222e+002	3.36143756914090e+001
8.33738766940667e+002	3.36139631596658e+001
8.53159037603181e+002	3.36135684952309e+001
8.73031664480328e+002	3.36131909527151e+001
8.93367184301922e+002	3.36128298153924e+001
9.14176379229746e+002	3.36124843943023e+001
9.35470282574392e+002	3.36121540273654e+001
9.57260184645272e+002	3.36118380785068e+001
9.79557638736888e+002	3.36115359367929e+001
1.00237446725454e+003	3.36112470155870e+001
1.02572276798272e+003	3.36109707517143e+001
1.04961492049954e+003	3.36107066046490e+001
1.07406359274050e+003	3.36104540557147e+001
1.09908174771524e+003	3.36102126073057e+001
1.12468265038069e+003	3.36099817821278e+001
1.15087987467431e+003	3.36097611224528e+001
1.17768731071117e+003	3.36095501893985e+001
1.20511917214871e+003	3.36093485622268e+001
1.23319000372296e+003	3.36091558376572e+001
1.26191468896038e+003	3.36089716292071e+001
1.29130845806930e+003	3.36087955665468e+001
1.32138689601518e+003	3.36086272948742e+001
1.35216595078396e+003	3.36084664743130e+001
1.38366194183787e+003	3.36083127793269e+001
1.41589156876827e+003	3.36081658981515e+001
1.44887192014997e+003	3.36080255322506e+001
1.48262048260183e+003	3.36078913957844e+001
1.51715515005836e+003	3.36077632151010e+001
1.55249423325738e+003	3.36076407282423e+001
1.58865646944855e+003	3.36075236844706e+001
1.62566103232819e+003	3.36074118438078e+001
1.66352754220533e+003	3.36073049765944e+001
1.70227607640474e+003	3.36072028630666e+001
1.74192717991215e+003	3.36071052929413e+001
1.78250187626748e+003	3.36070120650270e+001
1.82402167871181e+003	3.36069229868407e+001
1.86650860159397e+003	3.36068378742441e+001
1.90998517204286e+003	3.36067565510917e+001
1.95447444191161e+003	3.36066788488958e+001
1.99999999999999e+003	3.36066046064976e+001
2.04658598456150e+003	3.36065336697588e+001
2.09425709610179e+003	3.36064658912627e+001
2.14303861047520e+003	3.36064011300241e+001
2.19295639228636e+003	3.36063392512145e+001
2.24403690860391e+003	3.36062801258978e+001
2.29630724299375e+003	3.36062236307758e+001
2.34979510987905e+003	3.36061696479428e+001
2.40452886923481e+003	3.36061180646526e+001
2.46053754162475e+003	3.36060687730955e+001
2.51785082358832e+003	3.36060216701792e+001
2.57649910338625e+003	3.36059766573266e+001
2.63651347711280e+003	3.36059336402746e+001
2.69792576518329e+003	3.36058925288850e+001
2.76076852920575e+003	3.36058532369648e+001
2.82507508924549e+003	3.36058156820876e+001
2.89087954149184e+003	3.36057797854306e+001
2.95821677633640e+003	3.36057454716121e+001
3.02712249687240e+003	3.36057126685383e+001
3.09763323782494e+003	3.36056813072576e+001
3.16978638492221e+003	3.36056513218152e+001
3.24362019471784e+003	3.36056226491251e+001
3.31917381487510e+003	3.36055952288340e+001
3.39648730492347e+003	3.36055690032008e+001
3.47560165749873e+003	3.36055439169760e+001
3.55655882007782e+003	3.36055199172893e+001
3.63940171721994e+003	3.36054969535387e+001
3.72417427332571e+003	3.36054749772871e+001
3.81092143592647e+003	3.36054539421599e+001
3.89968919951606e+003	3.36054338037515e+001
3.99052462993773e+003	3.36054145195301e+001
4.08347588933903e+003	3.36053960487514e+001
4.17859226170805e+003	3.36053783523709e+001
4.27592417900444e+003	3.36053613929648e+001
4.37552324789908e+003	3.36053451346496e+001
4.47744227713665e+003	3.36053295430089e+001
4.58173530553552e+003	3.36053145850181e+001
4.68845763063981e+003	3.36053002289782e+001
4.79766583803895e+003	3.36052864444446e+001
4.90941783137003e+003	3.36052732021669e+001
5.02377286301913e+003	3.36052604740236e+001
5.14079156553769e+003	3.36052482329636e+001
5.26053598379073e+003	3.36052364529487e+001
5.38306960785379e+003	3.36052251088963e+001
5.50845740667629e+003	3.36052141766265e+001
5.63676586252887e+003	3.36052036328094e+001
5.76806300625317e+003	3.36051934549156e+001
5.90241845333273e+003	3.36051836211646e+001
6.03990344080399e+003	3.36051741104779e+001
6.18059086502713e+003	3.36051649024353e+001
6.32455532033671e+003	3.36051559772255e+001
6.47187313859252e+003	3.36051473156022e+001
6.62262242965177e+003	3.36051388988440e+001
6.77688312278400e+003	3.36051307087084e+001
6.93473700905058e+003	3.36051227273900e+001
7.09626778467146e+003	3.36051149374818e+001
7.26156109540197e+003	3.36051073219301e+001
7.43070458194339e+003	3.36050998639984e+001
7.60378792641117e+003	3.36050925472228e+001
7.78090289988555e+003	3.36050853553746e+001
7.96214341106988e+003	3.36050782724178e+001
8.14760555608219e+003	3.36050712824711e+001
8.33738766940664e+003	3.36050643697639e+001
8.53159037603179e+003	3.36050575185958e+001
8.73031664480325e+003	3.36050507132977e+001
8.93367184301919e+003	3.36050439381840e+001
9.14176379229743e+003	3.36050371775114e+001
9.35470282574389e+003	3.36050304154342e+001
9.57260184645269e+003	3.36050236359570e+001
9.79557638736884e+003	3.36050168228876e+001
1.00237446725454e+004	3.36050099597877e+001
1.02572276798272e+004	3.36050030299184e+001
1.04961492049954e+004	3.36049960161908e+001
1.07406359274050e+004	3.36049889011066e+001
1.09908174771524e+004	3.36049816666998e+001
1.12468265038069e+004	3.36049742944735e+001
1.15087987467430e+004	3.36049667653362e+001
1.17768731071117e+004	3.36049590595305e+001
1.20511917214871e+004	3.36049511565599e+001
1.23319000372295e+004	3.36049430351104e+001
1.26191468896038e+004	3.36049346729674e+001
1.29130845806930e+004	3.36049260469265e+001
1.32138689601518e+004	3.36049171326980e+001
1.35216595078395e+004	3.36049079048069e+001
1.38366194183786e+004	3.36048983364805e+001
1.41589156876826e+004	3.36048883995348e+001
1.44887192014997e+004	3.36048780642483e+001
1.48262048260182e+004	3.36048672992230e+001
1.51715515005835e+004	3.36048560712440e+001
1.55249423325737e+004	3.36048443451192e+001
1.58865646944855e+004	3.36048320835092e+001
1.62566103232818e+004	3.36048192467471e+001
1.66352754220533e+004	3.36048057926387e+001
1.70227607640474e+004	3.36047916762490e+001
1.74192717991215e+004	3.36047768496694e+001
1.78250187626748e+004	3.36047612617692e+001
1.82402167871180e+004	3.36047448579233e+001
1.86650860159397e+004	3.36047275797163e+001
1.90998517204286e+004	3.36047093646247e+001
1.95447444191160e+004	3.36046901456698e+001
2.00000000000000e+004	3.36046698510422e+001
2.00000000000000e+001	2.88500001723292e+001
2.04658598456151e+001	2.90313234099601e+001
2.09425709610180e+001	2.92091875090971e+001
2.14303861047521e+001	2.93835362945740e+001
2.19295639228637e+001	2.95543190120112e+001
2.24403690860393e+001	2.97214904483820e+001
2.29630724299377e+001	2.98850110293695e+001
2.34979510987906e+001	3.00448468931556e+001
2.40452886923483e+001	3.02009699403869e+001
2.46053754162476e+001	3.03533578602696e+001
2.51785082358833e+001	3.05019941328471e+001
2.57649910338627e+001	3.06468680077024e+001
2.63651347711281e+001	3.07879744594638e+001
2.69792576518331e+001	3.09253141206301e+001
2.76076852920577e+001	3.10588931923934e+001
2.82507508924551e+001	3.11887233342536e+001
2.89087954149185e+001	3.13148215333483e+001
2.95821677633641e+001	3.14372099545580e+001
3.02712249687242e+001	3.15559157725331e+001
3.09763323782496e+001	3.16709709869047e+001
3.16978638492223e+001	3.17824122220248e+001
3.24362019471786e+001	3.18902805126587e+001
3.31917381487512e+001	3.19946210771163e+001
3.39648730492349e+001	3.20954830793687e+001
3.47560165749875e+001	3.21929193817220e+001
3.55655882007784e+001	3.22869862896624e+001
3.63940171721997e+001	3.23777432904920e+001
3.72417427332573e+001	3.24652527873702e+001
3.81092143592649e+001	3.25495798303734e+001
3.89968919951609e+001	3.26307918461562e+001
3.99052462993776e+001	3.27089583677538e+001
4.08347588933906e+001	3.27841507660186e+001
4.17859226170808e+001	3.28564419841326e+001
4.27592417900446e+001	3.29259062765474e+001
4.37552324789910e+001	3.29926189536412e+001
4.47744227713668e+001	3.30566561332768e+001
4.58173530553554e+001	3.31180945003603e+001
4.68845763063984e+001	3.31770110753951e+001
4.79766583803898e+001	3.32334829929003e+001
4.90941783137006e+001	3.32875872904862e+001
5.02377286301916e+001	3.33394007092195e+001
5.14079156553772e+001	3.33889995058440e+001
5.26053598379076e+001	3.34364592772622e+001
5.38306960785383e+001	3.34818547976016e+001
5.50845740667633e+001	3.35252598680628e+001
5.63676586252890e+001	3.35667471796486e+001
5.76806300625321e+001	3.36063881887562e+001
5.90241845333277e+001	3.36442530055389e+001
6.03990344080403e+001	3.36804102948396e+001
6.18059086502718e+001	3.37149271894189e+001
6.32455532033675e+001	3.37478692151307e+001
6.47187313859256e+001	3.37793002276362e+001
6.62262242965182e+001	3.38092823601718e+001
6.77688312278404e+001	3.38378759818622e+001
6.93473700905062e+001	3.38651396660188e+001
7.09626778467150e+001	3.38911301678270e+001
7.26156109540202e+001	3.39159024108113e+001
7.43070458194344e+001	3.39395094814596e+001
7.60378792641121e+001	3.39620026313538e+001
7.78090289988560e+001	3.39834312861872e+001
7.96214341106993e+001	3.40038430610256e+001
8.14760555608224e+001	3.40232837812015e+001
8.33738766940670e+001	3.40417975082224e+001
8.53159037603184e+001	3.40594265701295e+001
8.73031664480331e+001	3.40762115957231e+001
8.93367184301925e+001	3.40921915521357e+001
9.14176379229749e+001	3.41074037852416e+001
9.35470282574395e+001	3.41218840624210e+001
9.57260184645275e+001	3.41356666172422e+001
9.79557638736891e+001	3.41487841956478e+001
1.00237446725454e+002	3.41612681032559e+001
1.02572276798273e+002	3.41731482534383e+001
1.04961492049954e+002	3.41844532158539e+001
1.07406359274050e+002	3.41952102651482e+001
1.09908174771525e+002	3.42054454295646e+001
1.12468265038070e+002	3.42151835392401e+001
1.15087987467431e+002	3.42244482739805e+001
1.17768731071118e+002	3.42332622103370e+001
1.20511917214871e+002	3.42416468678381e+001
1.23319000372296e+002	3.42496227542375e+001
1.26191468896038e+002	3.42572094096709e+001
1.29130845806931e+002	3.42644254496342e+001
1.32138689601519e+002	3.42712886067016e+001
1.35216595078396e+002	3.42778157709309e+001
1.38366194183787e+002	3.42840230289034e+001
1.41589156876827e+002	3.42899257013797e+001
1.44887192014998e+002	3.42955383795383e+001
1.48262048260183e+002	3.43008749597938e+001
1.51715515005836e+002	3.43059486771932e+001
1.55249423325738e+002	3.43107721373964e+001
1.58865646944856e+002	3.43153573472572e+001
1.62566103232819e+002	3.43197157440216e+001
1.66352754220534e+002	3.43238582231733e+001
1.70227607640475e+002	3.43277951649584e+001
1.74192717991216e+002	3.43315364596139e+001
1.78250187626749e+002	3.43350915313541e+001
1.82402167871181e+002	3.43384693611379e+001
1.86650860159398e+002	3.43416785082759e+001
1.90998517204287e+002	3.43447271309102e+001
1.95447444191162e+002	3.43476230054169e+001
1.99999999999999e+002	3.43503735447835e+001
2.04658598456150e+002	3.43529858159992e+001
2.09425709610179e+002	3.43554665565119e+001
2.14303861047521e+002	3.43578221897978e+001
2.19295639228636e+002	3.43600588400955e+001
2.24403690860392e+002	3.43621823463385e+001
2.29630724299376e+002	3.43641982753478e+001
2.34979510987905e+002	3.43661119343179e+001
2.40452886923482e+002	3.43679283826412e+001
2.46053754162476e+002	3.43696524431174e+001
2.51785082358833e+002	3.43712887125818e+001
2.57649910338626e+002	3.43728415719933e+001
2.63651347711281e+002	3.43743151960184e+001
2.69792576518330e+002	3.43757135621450e+001
2.76076852920576e+002	3.43770404593547e+001
2.82507508924550e+002	3.43782994963908e+001
2.89087954149185e+002	3.43794941096441e+001
2.95821677633641e+002	3.43806275706807e+001
3.02712249687241e+002	3.43817029934416e+001
3.09763323782495e+002	3.43827233411342e+001
3.16978638492222e+002	3.43836914328252e+001
3.24362019471785e+002	3.43846099497723e+001
3.31917381487511e+002	3.43854814414920e+001
3.39648730492348e+002	3.43863083315873e+001
3.47560165749874e+002	3.43870929233493e+001
3.55655882007783e+002	3.43878374051402e+001
3.63940171721995e+002	3.43885438555673e+001
3.72417427332572e+002	3.43892142484637e+001
3.81092143592648e+002	3.43898504576763e+001
3.89968919951608e+002	3.43904542616752e+001
3.99052462993775e+002	3.43910273479839e+001
4.08347588933904e+002	3.43915713174441e+001
4.17859226170806e+002	3.43920876883131e+001
4.27592417900445e+002	3.43925779002061e+001
4.37552324789909e+002	3.43930433178787e+001
4.47744227713666e+002	3.43934852348664e+001
4.58173530553553e+002	3.43939048769686e+001
4.68845763063983e+002	3.43943034056011e+001
4.79766583803896e+002	3.43946819210007e+001
4.90941783137004e+002	3.43950414652987e+001
5.02377286301914e+002	3.43953830254661e+001
5.14079156553771e+002	3.43957075361252e+001
5.26053598379074e+002	3.43960158822403e+001
5.38306960785381e+002	3.43963089016880e+001
5.50845740667631e+002	3.43965873877090e+001
5.63676586252888e+002	3.43968520912477e+001
5.76806300625319e+002	3.43971037231802e+001
5.90241845333275e+002	3.43973429564386e+001
6.03990344080401e+002	3.43975704280317e+001
6.18059086502716e+002	3.43977867409645e+001
6.32455532033673e+002	3.43979924660658e+001
6.47187313859254e+002	3.43981881437216e+001
6.62262242965179e+002	3.43983742855224e+001
6.77688312278402e+002	3.43985513758240e+001
6.93473700905060e+002	3.43987198732276e+001
7.09626778467148e+002	3.43988802119847e+001
7.26156109540200e+002	3.43990328033248e+001
7.43070458194342e+002	3.43991780367121e+001
7.60378792641119e+002	3.43993162810393e+001
7.78090289988558e+002	3.43994478857485e+001
7.96214341106991e+002	3.43995731819019e+001
8.14760555608222e+002	3.43996924831823e+001
8.33738766940667e+002	3.43998060868483e+001
8.53159037603181e+002	3.43999142746301e+001
8.73031664480328e+002	3.44000173135793e+001
8.93367184301922e+002	3.44001154568688e+001
9.14176379229746e+002	3.44002089445485e+001
9.35470282574392e+002	3.44002980042617e+001
9.57260184645272e+002	3.44003828519153e+001
9.79557638736888e+002	3.44004636923175e+001
1.00237446725454e+003	3.44005407197767e+001
1.02572276798272e+003	3.44006141186678e+001
1.04961492049954e+003	3.44006840639664e+001
1.07406359274050e+003	3.44007507217511e+001
1.09908174771524e+003	3.44008142496794e+001
1.12468265038069e+003	3.44008747974368e+001
1.15087987467431e+003	3.44009325071591e+001
1.17768731071117e+003	3.44009875138304e+001
1.20511917214871e+003	3.44010399456625e+001
1.23319000372296e+003	3.44010899244474e+001
1.26191468896038e+003	3.44011375658937e+001
1.29130845806930e+003	3.44011829799443e+001
1.32138689601518e+003	3.44012262710739e+001
1.35216595078396e+003	3.44012675385713e+001
1.38366194183787e+003	3.44013068768069e+001
1.41589156876827e+003	3.44013443754827e+001
1.44887192014997e+003	3.44013801198717e+001
1.48262048260183e+003	3.44014141910401e+001
1.51715515005836e+003	3.44014466660616e+001
1.55249423325738e+003	3.44014776182157e+001
1.58865646944855e+003	3.44015071171799e+001
1.62566103232819e+003	3.44015352292056e+001
1.66352754220533e+003	3.44015620172877e+001
1.70227607640474e+003	3.44015875413279e+001
1.74192717991215e+003	3.44016118582807e+001
1.78250187626748e+003	3.44016350223005e+001
1.82402167871181e+003	3.44016570848744e+001
1.86650860159397e+003	3.44016780949517e+001
1.90998517204286e+003	3.44016980990636e+001
1.95447444191161e+003	3.44017171414378e+001
1.99999999999999e+003	3.44017352641074e+001
2.04658598456150e+003	3.44017525070116e+001
2.09425709610179e+003	3.44017689080953e+001
2.14303861047520e+003	3.44017845033975e+001
2.19295639228636e+003	3.44017993271385e+001
2.24403690860391e+003	3.44018134118043e+001
2.29630724299375e+003	3.44018267882212e+001
2.34979510987905e+003	3.44018394856290e+001
2.40452886923481e+003	3.44018515317515e+001
2.46053754162475e+003	3.44018629528614e+001
2.51785082358832e+003	3.44018737738406e+001
2.57649910338625e+003	3.44018840182412e+001
2.63651347711280e+003	3.44018937083363e+001
2.69792576518329e+003	3.44019028651754e+001
2.76076852920575e+003	3.44019115086310e+001
2.82507508924549e+003	3.44019196574450e+001
2.89087954149184e+003	3.44019273292723e+001
2.95821677633640e+003	3.44019345407210e+001
3.02712249687240e+003	3.44019413073899e+001
3.09763323782494e+003	3.44019476439052e+001
3.16978638492221e+003	3.44019535639512e+001
3.24362019471784e+003	3.44019590803063e+001
3.31917381487510e+003	3.44019642048660e+001
3.39648730492347e+003	3.44019689486738e+001
3.47560165749873e+003	3.44019733219452e+001
3.55655882007782e+003	3.44019773340895e+001
3.63940171721994e+003	3.44019809937320e+001
3.72417427332571e+003	3.44019843087338e+001
3.81092143592647e+003	3.44019872862065e+001
3.89968919951606e+003	3.44019899325314e+001
3.99052462993773e+003	3.44019922533717e+001
4.08347588933903e+003	3.44019942536851e+001
4.17859226170805e+003	3.44019959377348e+001
4.27592417900444e+003	3.44019973090984e+001
4.37552324789908e+003	3.44019983706764e+001
4.47744227713665e+003	3.44019991246968e+001
4.58173530553552e+003	3.44019995727211e+001
4.68845763063981e+003	3.44019997156473e+001
4.79766583803895e+003	3.44019995537093e+001
4.90941783137003e+003	3.44019990864792e+001
5.02377286301913e+003	3.44019983128641e+001
5.14079156553769e+003	3.44019972311043e+001
5.26053598379073e+003	3.44019958387671e+001
5.38306960785379e+003	3.44019941327415e+001
5.50845740667629e+003	3.44019921092298e+001
5.63676586252887e+003	3.44019897637381e+001
5.76806300625317e+003	3.44019870910656e+001
5.90241845333273e+003	3.44019840852898e+001
6.03990344080399e+003	3.44019807397549e+001
6.18059086502713e+003	3.44019770470526e+001
6.32455532033671e+003	3.44019729990051e+001
6.47187313859252e+003	3.44019685866432e+001
6.62262242965177e+003	3.44019638001868e+001
6.77688312278400e+003	3.44019586290192e+001
6.93473700905058e+003	3.44019530616585e+001
7.09626778467146e+003	3.44019470857335e+001
7.26156109540197e+003	3.44019406879479e+001
7.43070458194339e+003	3.44019338540508e+001
7.60378792641117e+003	3.44019265687978e+001
7.78090289988555e+003	3.44019188159150e+001
7.96214341106988e+003	3.44019105780538e+001
8.14760555608219e+003	3.44019018367511e+001
8.33738766940664e+003	3.44018925723779e+001
8.53159037603179e+003	3.44018827640900e+001
8.73031664480325e+003	3.44018723897754e+001
8.93367184301919e+003	3.44018614259930e+001
9.14176379229743e+003	3.44018498479129e+001
9.35470282574389e+003	3.44018376292502e+001
9.57260184645269e+003	3.44018247421942e+001
9.79557638736884e+003	3.44018111573343e+001
1.00237446725454e+004	3.44017968435795e+001
1.02572276798272e+004	3.44017817680719e+001
1.04961492049954e+004	3.44017658960997e+001
1.07406359274050e+004	3.44017491909970e+001
1.09908174771524e+004	3.44017316140420e+001
1.12468265038069e+004	3.44017131243480e+001
1.15087987467430e+004	3.44016936787453e+001
1.17768731071117e+004	3.44016732316556e+001
1.20511917214871e+004	3.44016517349634e+001
1.23319000372295e+004	3.44016291378672e+001
1.26191468896038e+004	3.44016053867336e+001
1.29130845806930e+004	3.44015804249338e+001
1.32138689601518e+004	3.44015541926705e+001
1.35216595078395e+004	3.44015266267956e+001
1.38366194183786e+004	3.44014976606107e+001
1.41589156876826e+004	3.44014672236585e+001
1.44887192014997e+004	3.44014352414997e+001
1.48262048260182e+004	3.44014016354676e+001
1.51715515005835e+004	3.44013663224156e+001
1.55249423325737e+004	3.44013292144407e+001
1.58865646944855e+004	3.44012902185863e+001
1.62566103232818e+004	3.44012492365307e+001
1.66352754220533e+004	3.44012061642440e+001
1.70227607640474e+004	3.44011608916303e+001
1.74192717991215e+004	3.44011133021331e+001
1.78250187626748e+004	3.44010632723226e+001
1.82402167871180e+004	3.44010106714457e+001
1.86650860159397e+004	3.44009553609443e+001
1.90998517204286e+004	3.44008971939395e+001
1.95447444191160e+004	3.44008360146749e+001
2.00000000000000e+004	3.44007716579201e+001
